    Energy = -12708426.9085034095 Hartree 

                             Cell [Bohr]                                  Stress [GPa]
                15.01390862695858     0.00000000000000     0.00000000000000             0.00039       0.00000       0.00021
                 0.00000000000000    15.01390862695858     0.00000000000000             0.00000       0.00044       0.00000
                 0.00000000000000     0.00000000000000    15.01390862695858             0.00021       0.00000       0.00109

                             Cell [Angstrom]                                  Stress [GPa]
                 7.94501829042000     0.00000000000000     0.00000000000000             0.00039       0.00000       0.00021
                 0.00000000000000     7.94501829042000     0.00000000000000             0.00000       0.00044       0.00000
                 0.00000000000000     0.00000000000000     7.94501829042000             0.00021       0.00000       0.00109
    Pressure =         0.0006422591 GPa 
    Volume per formula unit =        62.6894874573 Ang**3 

                            Positions [Bohr]                             Forces [Hartree/Bohr]
     1   Ba       0.00000000000000     0.00000000000000     0.00000000000000        0.00003197995554    -0.00001297358332     0.00009457857838
     2   Ba       7.50695431347929     0.00000000000000     0.00000000000000        0.00003603075686     0.00000883800723     0.00009485491118
     3   Ba       0.00000000000000     7.50695431347929     0.00000000000000        0.00003197995554     0.00001297358332     0.00009457857838
     4   Ba       7.50695431347929     7.50695431347929     0.00000000000000        0.00003603075686    -0.00000883800724     0.00009485491118
     5   Ba       0.00000000000000     0.00000000000000     7.50695431347929        0.00000200807432    -0.00001898524532    -0.00006625942463
     6   Ba       7.50695431347929     0.00000000000000     7.50695431347929        0.00000190865630     0.00001941400382    -0.00006663866877
     7   Ba       0.00000000000000     7.50695431347929     7.50695431347929        0.00000200807432     0.00001898524532    -0.00006625942463
     8   Ba       7.50695431347929     7.50695431347929     7.50695431347929        0.00000190865630    -0.00001941400382    -0.00006663866877
     9   Ti       3.75347715673965     3.75347715673965     3.75347715673965        0.00022581405954     0.00000000000000    -0.00028580799620
    10   Ti      11.26043147021893     3.75347715673965     3.75347715673965       -0.00017925102463     0.00000000000000     0.00002442643000
    11   Ti       3.75347715673965    11.26043147021893     3.75347715673965        0.00003168762479     0.00000000000000     0.00002431968227
    12   Ti      11.26043147021893    11.26043147021893     3.75347715673965       -0.00003472985589     0.00000000000000     0.00000032820649
    13   Ti       3.75347715673965     3.75347715673965    11.26043147021893        0.00022524681157     0.00000000000000    -0.00032338855765
    14   Ti      11.26043147021893     3.75347715673965    11.26043147021893       -0.00017524898236     0.00000000000000     0.00002313338500
    15   Ti       3.75347715673965    11.26043147021893    11.26043147021893        0.00003197719944     0.00000000000000     0.00002323459913
    16   Ti      11.26043147021893    11.26043147021893    11.26043147021893       -0.00003486879534     0.00000000000000    -0.00000046863545
    17   O        3.76683953831533     3.75347715673965     0.01336238157568       -0.00090503304552    -0.00000000000000    -0.00178147957204
    18   O       11.26043147021893     3.75347715673965     0.00000000000000        0.00002950061880    -0.00000000000000    -0.00007266687698
    19   O        3.75347715673965    11.26043147021893     0.00000000000000       -0.00003190934291     0.00000000000000    -0.00007266370941
    20   O       11.26043147021893    11.26043147021893     0.00000000000000        0.00004957788191     0.00000000000000    -0.00001262932409
    21   O        3.75347715673965     3.75347715673965     7.50695431347929       -0.00000849616979    -0.00000000000000     0.00088884625145
    22   O       11.26043147021893     3.75347715673965     7.50695431347929        0.00005904610791    -0.00000000000000     0.00011182365821
    23   O        3.75347715673965    11.26043147021893     7.50695431347929       -0.00000801767010     0.00000000000000     0.00011181618616
    24   O       11.26043147021893    11.26043147021893     7.50695431347929        0.00000905850664     0.00000000000000     0.00001363476713
    25   O        3.75347715673965     0.00000000000000     3.75347715673965       -0.00003491783895    -0.00037939512910     0.00015589566927
    26   O       11.26043147021893     0.00000000000000     3.75347715673965        0.00002568096897    -0.00003803709490    -0.00000482392258
    27   O        3.75347715673965     7.50695431347929     3.75347715673965       -0.00003491783895     0.00037939512909     0.00015589566927
    28   O       11.26043147021893     7.50695431347929     3.75347715673965        0.00002568096897     0.00003803709490    -0.00000482392258
    29   O        3.75347715673965     0.00000000000000    11.26043147021893       -0.00003405117401     0.00037618699589     0.00015681646737
    30   O       11.26043147021893     0.00000000000000    11.26043147021893        0.00002552838391     0.00003755789121    -0.00000428906276
    31   O        3.75347715673965     7.50695431347929    11.26043147021893       -0.00003405117401    -0.00037618699590     0.00015681646737
    32   O       11.26043147021893     7.50695431347929    11.26043147021893        0.00002552838391    -0.00003755789122    -0.00000428906276
    33   O        0.00000000000000     3.75347715673965     3.75347715673965       -0.00022072496375    -0.00000000000000    -0.00001061335861
    34   O        7.50695431347929     3.75347715673965     3.75347715673965        0.00053970105897    -0.00000000000000     0.00032401500917
    35   O        0.00000000000000    11.26043147021893     3.75347715673965       -0.00004249420552     0.00000000000000    -0.00002025394479
    36   O        7.50695431347929    11.26043147021893     3.75347715673965        0.00003331609952     0.00000000000000     0.00001069960379
    37   O        0.00000000000000     3.75347715673965    11.26043147021893        0.00052869382508    -0.00000000000000     0.00031805291739
    38   O        7.50695431347929     3.75347715673965    11.26043147021893       -0.00022213445386    -0.00000000000000    -0.00000595747577
    39   O        0.00000000000000    11.26043147021893    11.26043147021893        0.00003316156976     0.00000000000000     0.00001117703485
    40   O        7.50695431347929    11.26043147021893    11.26043147021893       -0.00004220842011     0.00000000000000    -0.00001984737499

                            Positions [Scaled sort of]                             Forces[eV/Angstrom]
     1   Ba       0.00000000000000     0.00000000000000     0.00000000000000        0.00164447528789    -0.00066712841862     0.00486342561381
     2   Ba       0.50000000000000     0.00000000000000     0.00000000000000        0.00185277584845     0.00045446856461     0.00487763521645
     3   Ba       0.00000000000000     0.50000000000000     0.00000000000000        0.00164447528789     0.00066712841858     0.00486342561381
     4   Ba       0.50000000000000     0.50000000000000     0.00000000000000        0.00185277584845    -0.00045446856465     0.00487763521645
     5   Ba       0.00000000000000     0.00000000000000     0.50000000000000        0.00010325932426    -0.00097626048072    -0.00340719630633
     6   Ba       0.50000000000000     0.00000000000000     0.50000000000000        0.00009814704422     0.00099830812691    -0.00342669782208
     7   Ba       0.00000000000000     0.50000000000000     0.50000000000000        0.00010325932425     0.00097626048068    -0.00340719630633
     8   Ba       0.50000000000000     0.50000000000000     0.50000000000000        0.00009814704422    -0.00099830812695    -0.00342669782208
     9   Ti       0.25000000000000     0.25000000000000     0.25000000000000        0.01161182479064     0.00000000000005    -0.01469683678003
    10   Ti       0.75000000000000     0.25000000000000     0.25000000000000       -0.00921745747723     0.00000000000006     0.00125605742175
    11   Ti       0.25000000000000     0.75000000000000     0.25000000000000        0.00162944303761     0.00000000000018     0.00125056823332
    12   Ti       0.75000000000000     0.75000000000000     0.25000000000000       -0.00178588083685     0.00000000000017     0.00001687705501
    13   Ti       0.25000000000000     0.25000000000000     0.75000000000000        0.01158265572980     0.00000000000006    -0.01662930677775
    14   Ti       0.75000000000000     0.25000000000000     0.75000000000000       -0.00901166420742     0.00000000000006     0.00118956638026
    15   Ti       0.25000000000000     0.75000000000000     0.75000000000000        0.00164433356364     0.00000000000018     0.00119477101971
    16   Ti       0.75000000000000     0.75000000000000     0.75000000000000       -0.00179302539000     0.00000000000017    -0.00002409820153
    17   O        0.25089000019300     0.25000000000000     0.00089000019300       -0.04653866626342    -0.00000000000001    -0.09160735474646
    18   O        0.75000000000000     0.25000000000000     0.00000000000000        0.00151698267773    -0.00000000000001    -0.00373668072455
    19   O        0.25000000000000     0.75000000000000     0.00000000000000       -0.00164084424046     0.00000000000001    -0.00373651784161
    20   O        0.75000000000000     0.75000000000000     0.00000000000000        0.00254939696572     0.00000000000001    -0.00064942589852
    21   O        0.25000000000000     0.25000000000000     0.50000000000000       -0.00043689057809    -0.00000000000000     0.04570630791928
    22   O        0.75000000000000     0.25000000000000     0.50000000000000        0.00303627267971    -0.00000000000000     0.00575020319504
    23   O        0.25000000000000     0.75000000000000     0.50000000000000       -0.00041228513687     0.00000000000001     0.00574981896674
    24   O        0.75000000000000     0.75000000000000     0.50000000000000        0.00046580709882     0.00000000000001     0.00070112785407
    25   O        0.25000000000000     0.00000000000000     0.25000000000000       -0.00179554731370    -0.01950928022172     0.00801647692320
    26   O        0.75000000000000     0.00000000000000     0.25000000000000        0.00132056840348    -0.00195594588964    -0.00024805605072
    27   O        0.25000000000000     0.50000000000000     0.25000000000000       -0.00179554731369     0.01950928022150     0.00801647692321
    28   O        0.75000000000000     0.50000000000000     0.25000000000000        0.00132056840348     0.00195594588943    -0.00024805605072
    29   O        0.25000000000000     0.00000000000000     0.75000000000000       -0.00175098161461     0.01934431139421     0.00806382626104
    30   O        0.75000000000000     0.00000000000000     0.75000000000000        0.00131272216497     0.00193130424735    -0.00022055245534
    31   O        0.25000000000000     0.50000000000000     0.75000000000000       -0.00175098161460    -0.01934431139442     0.00806382626104
    32   O        0.75000000000000     0.50000000000000     0.75000000000000        0.00131272216497    -0.00193130424755    -0.00022055245534
    33   O        0.00000000000000     0.25000000000000     0.25000000000000       -0.01135013298687    -0.00000000000001    -0.00054576079470
    34   O        0.50000000000000     0.25000000000000     0.25000000000000        0.02775254184346    -0.00000000000000     0.01666152020715
    35   O        0.00000000000000     0.75000000000000     0.25000000000000       -0.00218513971245     0.00000000000001    -0.00104149962469
    36   O        0.50000000000000     0.75000000000000     0.25000000000000        0.00171318256779     0.00000000000001     0.00055019570002
    37   O        0.00000000000000     0.25000000000000     0.75000000000000        0.02718652716902    -0.00000000000001     0.01635493714831
    38   O        0.50000000000000     0.25000000000000     0.75000000000000       -0.01142261187572    -0.00000000000000    -0.00030634569426
    39   O        0.00000000000000     0.75000000000000     0.75000000000000        0.00170523632872     0.00000000000001     0.00057474618983
    40   O        0.50000000000000     0.75000000000000     0.75000000000000       -0.00217044403722     0.00000000000001    -0.00102059296644

                            Positions [asap Scaled   ]                            Forces again[eV/Angstrom]again
     1   Ba       0.00000000000000     0.00000000000000     0.00000000000000        0.00164447528789    -0.00066712841862     0.00486342561381
     2   Ba       0.50000000000000     0.00000000000000     0.00000000000000        0.00185277584845     0.00045446856461     0.00487763521645
     3   Ba       0.00000000000000     0.50000000000000     0.00000000000000        0.00164447528789     0.00066712841858     0.00486342561381
     4   Ba       0.50000000000000     0.50000000000000     0.00000000000000        0.00185277584845    -0.00045446856465     0.00487763521645
     5   Ba       0.00000000000000     0.00000000000000     0.50000000000000        0.00010325932426    -0.00097626048072    -0.00340719630633
     6   Ba       0.50000000000000     0.00000000000000     0.50000000000000        0.00009814704422     0.00099830812691    -0.00342669782208
     7   Ba       0.00000000000000     0.50000000000000     0.50000000000000        0.00010325932425     0.00097626048068    -0.00340719630633
     8   Ba       0.50000000000000     0.50000000000000     0.50000000000000        0.00009814704422    -0.00099830812695    -0.00342669782208
     9   Ti       0.25000000000000     0.25000000000000     0.25000000000000        0.01161182479064     0.00000000000005    -0.01469683678003
    10   Ti       0.75000000000000     0.25000000000000     0.25000000000000       -0.00921745747723     0.00000000000006     0.00125605742175
    11   Ti       0.25000000000000     0.75000000000000     0.25000000000000        0.00162944303761     0.00000000000018     0.00125056823332
    12   Ti       0.75000000000000     0.75000000000000     0.25000000000000       -0.00178588083685     0.00000000000017     0.00001687705501
    13   Ti       0.25000000000000     0.25000000000000     0.75000000000000        0.01158265572980     0.00000000000006    -0.01662930677775
    14   Ti       0.75000000000000     0.25000000000000     0.75000000000000       -0.00901166420742     0.00000000000006     0.00118956638026
    15   Ti       0.25000000000000     0.75000000000000     0.75000000000000        0.00164433356364     0.00000000000018     0.00119477101971
    16   Ti       0.75000000000000     0.75000000000000     0.75000000000000       -0.00179302539000     0.00000000000017    -0.00002409820153
    17   O        0.25089000019300     0.25000000000000     0.00089000019300       -0.04653866626342    -0.00000000000001    -0.09160735474646
    18   O        0.75000000000000     0.25000000000000     0.00000000000000        0.00151698267773    -0.00000000000001    -0.00373668072455
    19   O        0.25000000000000     0.75000000000000     0.00000000000000       -0.00164084424046     0.00000000000001    -0.00373651784161
    20   O        0.75000000000000     0.75000000000000     0.00000000000000        0.00254939696572     0.00000000000001    -0.00064942589852
    21   O        0.25000000000000     0.25000000000000     0.50000000000000       -0.00043689057809    -0.00000000000000     0.04570630791928
    22   O        0.75000000000000     0.25000000000000     0.50000000000000        0.00303627267971    -0.00000000000000     0.00575020319504
    23   O        0.25000000000000     0.75000000000000     0.50000000000000       -0.00041228513687     0.00000000000001     0.00574981896674
    24   O        0.75000000000000     0.75000000000000     0.50000000000000        0.00046580709882     0.00000000000001     0.00070112785407
    25   O        0.25000000000000     0.00000000000000     0.25000000000000       -0.00179554731370    -0.01950928022172     0.00801647692320
    26   O        0.75000000000000     0.00000000000000     0.25000000000000        0.00132056840348    -0.00195594588964    -0.00024805605072
    27   O        0.25000000000000     0.50000000000000     0.25000000000000       -0.00179554731369     0.01950928022150     0.00801647692321
    28   O        0.75000000000000     0.50000000000000     0.25000000000000        0.00132056840348     0.00195594588943    -0.00024805605072
    29   O        0.25000000000000     0.00000000000000     0.75000000000000       -0.00175098161461     0.01934431139421     0.00806382626104
    30   O        0.75000000000000     0.00000000000000     0.75000000000000        0.00131272216497     0.00193130424735    -0.00022055245534
    31   O        0.25000000000000     0.50000000000000     0.75000000000000       -0.00175098161460    -0.01934431139442     0.00806382626104
    32   O        0.75000000000000     0.50000000000000     0.75000000000000        0.00131272216497    -0.00193130424755    -0.00022055245534
    33   O        0.00000000000000     0.25000000000000     0.25000000000000       -0.01135013298687    -0.00000000000001    -0.00054576079470
    34   O        0.50000000000000     0.25000000000000     0.25000000000000        0.02775254184346    -0.00000000000000     0.01666152020715
    35   O        0.00000000000000     0.75000000000000     0.25000000000000       -0.00218513971245     0.00000000000001    -0.00104149962469
    36   O        0.50000000000000     0.75000000000000     0.25000000000000        0.00171318256779     0.00000000000001     0.00055019570002
    37   O        0.00000000000000     0.25000000000000     0.75000000000000        0.02718652716902    -0.00000000000001     0.01635493714831
    38   O        0.50000000000000     0.25000000000000     0.75000000000000       -0.01142261187572    -0.00000000000000    -0.00030634569426
    39   O        0.00000000000000     0.75000000000000     0.75000000000000        0.00170523632872     0.00000000000001     0.00057474618983
    40   O        0.50000000000000     0.75000000000000     0.75000000000000       -0.00217044403722     0.00000000000001    -0.00102059296644
