  0.774308E-02 -0.309225E-02 -0.851920E-02
  0.114819E-01 -0.289049E-02 -0.654059E-02
 -0.381688E-02 -0.303738E-02  0.692252E-03
 -0.879589E-02 -0.574089E-02  0.919620E-03
  0.339198E-02 -0.158448E-01 -0.226040E-02
  0.144507E-01 -0.866149E-03 -0.375112E-04
 -0.624028E-02  0.638261E-04  0.187347E-02
 -0.984747E-02 -0.393549E-02 -0.677168E-02
  0.121914E-02  0.858963E-02 -0.307659E-04
  0.531342E-02 -0.872174E-03 -0.102801E-01
  0.468439E-02 -0.207857E-02 -0.112984E-01
  0.980176E-02  0.884147E-03 -0.108673E-01
 -0.601859E-02  0.104335E-01 -0.393094E-02
 -0.695836E-02 -0.214546E-02 -0.426022E-02
  0.701296E-02 -0.157161E-01 -0.775129E-02
 -0.212805E-02 -0.127122E-01  0.805682E-02
 -0.883058E-03  0.101486E-01 -0.246356E-02
 -0.708368E-02 -0.164840E-01 -0.112993E-01
 -0.210864E-02  0.115217E-02 -0.497074E-02
 -0.102245E-01  0.481857E-02 -0.146958E-01
 -0.733327E-02 -0.331819E-02 -0.518746E-02
  0.240562E-02 -0.415210E-02  0.366462E-02
 -0.135608E-01  0.669807E-02 -0.285639E-02
  0.234470E-02 -0.174744E-02 -0.418973E-02
  0.457744E-02  0.512785E-02 -0.280372E-02
  0.409402E-02 -0.122542E-01 -0.836571E-02
 -0.146229E-02 -0.499349E-02  0.522622E-02
 -0.605904E-02 -0.554263E-02  0.117336E-01
  0.895622E-02  0.388136E-02  0.599707E-02
 -0.860722E-02  0.399073E-02 -0.739496E-02
  0.178563E-01 -0.461417E-02  0.114412E-01
  0.558566E-02  0.968785E-02  0.435902E-02
  0.108890E-01  0.939261E-03  0.541732E-02
 -0.204795E-02 -0.916842E-03  0.747711E-02
  0.165463E-02 -0.145300E-01 -0.102148E-01
 -0.740509E-04  0.659495E-02  0.109401E-01
 -0.302015E-02 -0.678156E-02 -0.127007E-01
 -0.145969E-01  0.833658E-02  0.237873E-02
  0.818353E-02 -0.187016E-01  0.250973E-02
 -0.101735E-01 -0.294630E-02  0.252454E-03
  0.827048E-02 -0.202392E-02  0.512830E-02
  0.749912E-02  0.577272E-02  0.255467E-02
  0.439186E-03  0.971369E-02 -0.284399E-01
  0.148701E-02  0.128766E-02  0.527405E-02
  0.662463E-02  0.142067E-01  0.105720E-01
  0.803997E-02  0.186400E-01 -0.197699E-01
  0.119852E-01 -0.520890E-02  0.135752E-01
  0.705596E-02 -0.233489E-02  0.100782E-01
 -0.133977E-01 -0.681626E-02  0.199439E-01
 -0.137119E-01 -0.371637E-02 -0.277457E-01
 -0.450426E-02  0.683912E-02  0.423307E-02
 -0.322155E-02 -0.557358E-02  0.581655E-02
  0.105596E-01 -0.115028E-02  0.403052E-02
 -0.669526E-02  0.909335E-02 -0.442796E-02
  0.242917E-02  0.704055E-02 -0.137602E-01
  0.373110E-03 -0.624690E-02  0.613804E-02
  0.713913E-02 -0.108068E-01  0.440762E-02
  0.879287E-03  0.130716E-01 -0.781034E-02
  0.541542E-02 -0.386861E-02  0.737708E-02
 -0.102470E-01 -0.322704E-03  0.217932E-02
  0.245770E-02 -0.601139E-02  0.459823E-02
  0.103669E-01  0.371565E-02 -0.535681E-02
 -0.139192E-01  0.968579E-02 -0.626776E-02
 -0.578721E-02  0.638910E-02 -0.427604E-02
 -0.577720E-02 -0.442457E-02  0.194116E-01
  0.463669E-02 -0.714324E-02 -0.905023E-02
  0.575294E-02  0.195210E-02 -0.354835E-02
  0.286125E-02  0.197907E-04 -0.580884E-02
 -0.938824E-02 -0.966736E-03  0.376581E-02
  0.168234E-02 -0.576044E-02 -0.966999E-02
 -0.964653E-02  0.216345E-02  0.313867E-01
  0.184680E-02 -0.362219E-02 -0.109794E-01
 -0.418873E-03 -0.786070E-02 -0.224235E-01
 -0.142267E-01 -0.216839E-02  0.110568E-01
 -0.292650E-02 -0.461569E-02  0.434280E-02
  0.426630E-02 -0.246273E-02  0.575776E-02
  0.647907E-02  0.487259E-02 -0.857114E-02
  0.458179E-03 -0.943288E-03 -0.625330E-03
  0.242637E-02 -0.243155E-03  0.158954E-02
  0.894301E-02  0.275289E-02  0.759311E-03
 -0.314850E-02 -0.620948E-03  0.401838E-02
 -0.594234E-02 -0.670327E-02  0.570644E-02
 -0.461595E-02  0.527702E-02  0.132387E-01
 -0.663994E-02  0.107978E-01  0.247941E-02
  0.101321E-01  0.229279E-02 -0.861037E-02
 -0.413849E-02 -0.573800E-02  0.609599E-02
 -0.207125E-02 -0.112808E-01  0.676467E-02
 -0.100853E-02 -0.396101E-02 -0.474707E-02
  0.115276E-02  0.280933E-02  0.157484E-02
 -0.991562E-03 -0.628785E-02  0.122507E-01
 -0.338109E-02  0.144402E-01 -0.830867E-03
  0.875019E-02  0.106963E-01  0.629108E-02
  0.228296E-02  0.937889E-03  0.301387E-02
  0.197802E-02  0.585560E-02 -0.119106E-01
  0.513485E-02  0.110825E-01  0.498008E-02
 -0.125558E-01  0.160639E-01  0.287975E-02
 -0.262440E-02 -0.153179E-01 -0.949434E-02
  0.337572E-02  0.118148E-02 -0.295252E-02
  0.696087E-03 -0.451017E-02 -0.668774E-03
 -0.773257E-02 -0.154513E-01  0.652578E-02
 -0.513141E-02 -0.166099E-02  0.792353E-03
  0.352359E-02  0.343109E-02  0.676056E-02
  0.102424E-01  0.178206E-01  0.923799E-02
 -0.407100E-02 -0.378818E-02 -0.241864E-02
 -0.206736E-02  0.948422E-02 -0.128818E-02
 -0.407468E-02  0.909294E-02  0.306507E-03
  0.801202E-02 -0.689375E-02 -0.316248E-02
  0.167492E-02 -0.303166E-02 -0.226311E-02
  0.844571E-02  0.369002E-02 -0.186944E-02
  0.803872E-02  0.643974E-02  0.246699E-02
 -0.615662E-02 -0.455426E-02  0.596297E-02
 -0.222234E-01  0.599804E-02 -0.544165E-02
 -0.194101E-02 -0.376091E-02  0.865672E-02
 -0.441189E-02  0.635301E-02  0.226948E-02
 -0.385303E-02  0.391071E-02 -0.234026E-02
 -0.277573E-02 -0.231084E-03  0.677446E-02
 -0.555763E-04  0.255259E-02  0.183624E-02
 -0.137189E-02  0.510288E-02  0.674297E-02
 -0.295879E-02  0.741656E-02  0.470810E-02
 -0.311205E-02  0.133462E-01 -0.738959E-03
 -0.843282E-03 -0.104533E-01  0.318277E-02
 -0.459296E-02  0.354047E-02 -0.263636E-02
  0.550550E-02  0.536610E-02  0.987784E-02
 -0.153979E-01 -0.234776E-02 -0.394320E-02
  0.214864E-02  0.665059E-02  0.208903E-02
 -0.210174E-04  0.469768E-02  0.363828E-02
  0.197684E-02  0.718185E-03  0.971507E-03
  0.285586E-02 -0.176642E-01 -0.379744E-02
  0.164987E-01 -0.636691E-02  0.136720E-02
 -0.341818E-02  0.354497E-02 -0.506032E-02
  0.415632E-03 -0.210789E-02 -0.181793E-02
  0.742461E-02  0.294235E-02  0.101657E-01
  0.154613E-01 -0.445278E-02 -0.920601E-02
  0.581937E-02 -0.166628E-03  0.526683E-02
 -0.533063E-02 -0.453992E-02 -0.238938E-02
