  0.113831E-02 -0.654961E-02  0.174548E-02
  0.165426E-01 -0.294969E-02  0.128069E-03
  0.275757E-02 -0.285910E-03 -0.691632E-02
 -0.200676E-02 -0.392368E-02 -0.838513E-02
  0.650607E-02  0.888218E-03 -0.560238E-02
  0.252533E-02  0.198639E-03 -0.841049E-02
 -0.111304E-01  0.966067E-02  0.520377E-03
 -0.182713E-01 -0.674270E-03 -0.419877E-02
 -0.118130E-01 -0.404378E-02 -0.469017E-02
 -0.705039E-02  0.843788E-02 -0.147018E-01
 -0.120716E-01  0.643491E-02  0.126207E-02
 -0.585974E-02  0.397490E-02 -0.809068E-02
  0.706693E-02 -0.503732E-02 -0.214063E-02
  0.597094E-02 -0.960636E-02  0.929978E-02
  0.160272E-01 -0.101816E-01 -0.119267E-01
 -0.146900E-01  0.177726E-01  0.257548E-03
  0.121151E-01 -0.568974E-02 -0.143279E-01
  0.738954E-02  0.599984E-02 -0.502878E-02
  0.536879E-03  0.777351E-02  0.146641E-01
 -0.982379E-02 -0.711411E-02 -0.670632E-02
 -0.193239E-02 -0.327706E-02 -0.283212E-02
  0.205877E-02  0.379621E-02  0.140055E-02
 -0.151244E-01  0.104945E-01 -0.359166E-02
 -0.930177E-02  0.313830E-02  0.260878E-02
  0.795271E-03 -0.356048E-02 -0.408102E-02
  0.450397E-02  0.961428E-02  0.181561E-02
  0.590192E-03  0.126331E-01 -0.669993E-02
  0.644912E-02 -0.520598E-02  0.328513E-01
  0.107422E-01 -0.104494E-01  0.662346E-02
  0.296721E-01 -0.758792E-02 -0.752651E-02
  0.347069E-02 -0.377535E-02  0.153399E-01
  0.144773E-02  0.467539E-02 -0.290006E-03
 -0.339238E-02  0.110677E-02  0.111499E-02
  0.147016E-02  0.190256E-01 -0.467347E-02
 -0.720672E-02  0.125406E-01  0.430588E-02
  0.300666E-01 -0.141621E-03  0.470316E-02
 -0.130668E-01  0.272955E-02  0.355952E-02
 -0.200423E-01  0.609368E-02  0.793392E-02
 -0.250817E-01  0.486502E-02 -0.167053E-01
  0.129999E-02 -0.155188E-01  0.202208E-01
 -0.891441E-03 -0.530902E-02  0.154231E-01
  0.117832E-01 -0.103307E-01 -0.224788E-01
  0.174156E-01 -0.147070E-02  0.382645E-02
  0.356796E-02 -0.167224E-01 -0.794577E-03
 -0.276348E-01 -0.103080E-02 -0.437865E-02
 -0.229941E-02 -0.703550E-02 -0.137571E-01
  0.122817E-01  0.522246E-02  0.662744E-02
 -0.724359E-02 -0.510586E-02  0.224688E-01
 -0.118634E-01  0.575524E-02  0.886072E-02
  0.131995E-02  0.109767E-01 -0.569608E-02
 -0.532808E-03  0.115637E-02 -0.212217E-02
  0.495365E-02 -0.183529E-01  0.164737E-01
 -0.438112E-02 -0.191114E-01 -0.293000E-01
  0.317238E-02 -0.356302E-02  0.933790E-02
 -0.184884E-02 -0.387203E-02 -0.345436E-01
  0.168368E-02  0.836667E-02 -0.442389E-02
 -0.933804E-02  0.600179E-02 -0.220253E-02
 -0.113240E-02 -0.866514E-02  0.311349E-02
 -0.276175E-02  0.923997E-02 -0.693087E-02
 -0.300434E-02  0.524850E-02  0.848430E-02
 -0.125710E-02 -0.906046E-02  0.212920E-02
  0.153717E-02 -0.492699E-03  0.195109E-02
 -0.503131E-02  0.744212E-02 -0.129511E-01
  0.119196E-01 -0.429447E-02 -0.470751E-02
  0.321496E-02 -0.105695E-03 -0.568272E-02
  0.247189E-02  0.253459E-03 -0.110067E-02
 -0.295137E-03 -0.678629E-02 -0.136904E-01
  0.134140E-02  0.385072E-02 -0.964578E-02
  0.494508E-02 -0.113292E-02  0.147251E-01
  0.149581E-04 -0.164046E-01  0.107175E-01
 -0.971050E-02  0.330980E-02 -0.252543E-01
  0.796927E-02  0.141239E-01  0.471300E-02
  0.994968E-02 -0.798539E-03  0.476463E-02
 -0.252200E-02  0.669932E-02 -0.107348E-01
 -0.519309E-02 -0.642623E-02  0.624021E-02
  0.964119E-03  0.109867E-02 -0.229375E-02
 -0.504771E-02 -0.183386E-02 -0.819456E-02
 -0.724231E-02 -0.658019E-02  0.148611E-01
 -0.122277E-01 -0.333532E-02  0.168045E-02
  0.233659E-03  0.793878E-02 -0.126946E-01
 -0.129760E-02  0.668885E-03  0.256957E-01
  0.545529E-02  0.700839E-02 -0.603928E-02
 -0.331311E-02 -0.769570E-02  0.274940E-02
  0.530152E-02 -0.572685E-03  0.121138E-01
  0.160323E-02  0.135812E-01  0.140890E-02
  0.284958E-02 -0.145319E-01  0.126048E-01
 -0.679726E-02  0.200215E-01  0.174287E-01
 -0.137490E-01 -0.490058E-02  0.268952E-02
 -0.650048E-02  0.274571E-02  0.664384E-03
  0.816678E-02 -0.191564E-01  0.368440E-02
  0.307881E-02  0.243145E-02 -0.121731E-02
  0.796734E-02  0.632352E-02  0.749079E-02
  0.725567E-02  0.156746E-02  0.726791E-02
 -0.379810E-02 -0.897441E-02 -0.197888E-02
  0.690337E-03  0.124935E-01 -0.421690E-02
  0.453452E-02  0.977074E-03 -0.307755E-02
  0.172627E-02 -0.424456E-02  0.237070E-02
  0.381367E-02 -0.130278E-01 -0.728708E-02
  0.984528E-02 -0.326086E-02  0.757840E-02
 -0.332546E-02  0.359629E-03 -0.601032E-02
 -0.196073E-03  0.125868E-01  0.384517E-02
 -0.689060E-02  0.169994E-01 -0.150911E-02
 -0.647527E-02 -0.145771E-01  0.693950E-02
 -0.326305E-02 -0.773830E-02 -0.257312E-02
  0.380182E-02 -0.167982E-01  0.691069E-02
 -0.329163E-02  0.184154E-02 -0.286272E-02
  0.176580E-04  0.748490E-02 -0.481998E-02
  0.647189E-02  0.599799E-02  0.490120E-02
 -0.123682E-01 -0.526937E-02  0.258252E-02
  0.371195E-02 -0.588374E-03  0.127075E-04
 -0.170464E-01  0.107833E-01 -0.123989E-01
  0.450007E-02  0.335544E-02 -0.444807E-02
  0.138939E-01  0.483117E-02 -0.462675E-02
  0.784002E-02 -0.954406E-02  0.127558E-02
  0.951707E-02 -0.244179E-02  0.694886E-02
  0.995336E-03  0.421805E-02 -0.499536E-02
 -0.214542E-01 -0.838804E-04 -0.758805E-02
 -0.376939E-02 -0.102002E-02  0.388759E-02
 -0.944764E-02 -0.539483E-03 -0.469441E-02
 -0.362593E-02 -0.329020E-03  0.106993E-01
 -0.567343E-02 -0.148176E-03 -0.573294E-03
 -0.135672E-01 -0.351804E-02  0.213469E-02
 -0.127921E-01 -0.450357E-02  0.104643E-01
 -0.430706E-02  0.101562E-01 -0.619066E-02
 -0.102747E-01 -0.539379E-02 -0.631081E-02
  0.399936E-02 -0.375560E-03  0.165746E-01
  0.109865E-01  0.376517E-02  0.717911E-02
  0.169021E-01 -0.787049E-02  0.570769E-02
  0.723864E-02 -0.354132E-02 -0.894530E-02
  0.467889E-02  0.270580E-02  0.170411E-02
  0.299311E-02 -0.285228E-02 -0.910346E-03
  0.523507E-02 -0.216162E-02  0.383436E-02
  0.113152E-01  0.143708E-01 -0.299901E-02
  0.202922E-01  0.328712E-02  0.936630E-02
  0.139859E-01  0.995179E-02 -0.809158E-02
