 -0.681717E-02 -0.128411E-01  0.388133E-02
  0.827816E-02  0.333741E-02 -0.777381E-02
 -0.154043E-01  0.568461E-02 -0.162350E-02
  0.192983E-02  0.856366E-03  0.144737E-02
  0.801899E-02  0.522268E-02 -0.630833E-02
 -0.154585E-02  0.272902E-02  0.248493E-02
 -0.552713E-02 -0.897130E-02  0.602529E-03
 -0.318961E-02 -0.424009E-02 -0.453884E-02
  0.762280E-02  0.166704E-02 -0.114137E-01
  0.140589E-01  0.285627E-02 -0.368043E-02
 -0.290437E-02  0.138410E-02 -0.131863E-01
  0.653727E-02  0.707044E-02 -0.142121E-01
 -0.639678E-02 -0.123669E-02  0.161175E-02
  0.707581E-03 -0.195750E-01  0.399057E-02
  0.799949E-03 -0.739239E-02 -0.433737E-02
  0.309129E-03  0.201867E-02  0.488616E-03
  0.681453E-02  0.198610E-01  0.243857E-02
 -0.354989E-02 -0.850759E-02 -0.834620E-02
 -0.119231E-02 -0.225062E-01  0.116691E-01
 -0.474256E-02 -0.125060E-01 -0.210678E-01
  0.221820E-02  0.490677E-02 -0.998782E-02
  0.394078E-02  0.359166E-02 -0.987307E-02
 -0.240443E-02  0.559494E-02  0.797991E-04
 -0.518459E-02 -0.113720E-01 -0.118037E-01
 -0.505965E-02  0.287142E-02 -0.130884E-01
  0.425113E-03 -0.262704E-02  0.108952E-02
 -0.181248E-02  0.164338E-02  0.128371E-01
 -0.248860E-02 -0.164591E-02  0.156967E-01
  0.594517E-02 -0.333197E-02 -0.160697E-01
  0.201665E-01  0.110794E-01  0.978107E-02
 -0.287426E-01 -0.280463E-02  0.382495E-02
 -0.679220E-02  0.112733E-01  0.476373E-02
  0.258457E-01 -0.236450E-01 -0.551640E-04
  0.801067E-02  0.555325E-02  0.307942E-01
 -0.153353E-02 -0.190430E-01 -0.245135E-01
  0.481936E-02  0.902451E-02 -0.146303E-02
 -0.468108E-02 -0.158433E-01  0.114277E-01
 -0.724943E-02 -0.561624E-03  0.124035E-01
 -0.150814E-02 -0.954845E-02 -0.150846E-01
  0.164589E-01  0.992502E-02 -0.548556E-02
 -0.100724E-01 -0.476087E-03  0.182589E-01
 -0.938455E-02  0.103653E-01 -0.153521E-02
  0.128284E-02  0.105203E-01  0.482481E-02
  0.478254E-02  0.944452E-02  0.369337E-03
  0.897996E-02  0.113060E-02  0.257354E-02
  0.171770E-02 -0.714594E-02  0.178366E-01
 -0.129758E-01  0.354248E-02  0.312346E-02
 -0.245177E-02  0.253275E-02 -0.147879E-01
  0.260610E-01 -0.344829E-03  0.837776E-02
  0.658137E-02 -0.469286E-03 -0.391118E-02
 -0.214056E-01  0.572206E-02  0.839180E-02
 -0.195270E-01  0.618412E-02  0.961346E-02
  0.549495E-02  0.145474E-03  0.841337E-02
 -0.241936E-01 -0.971922E-03 -0.183118E-02
 -0.439097E-02  0.261989E-02 -0.648615E-02
  0.331379E-02  0.393510E-02  0.950139E-02
 -0.219638E-01  0.163979E-01 -0.784704E-03
 -0.392781E-02 -0.273052E-02  0.120715E-01
  0.107173E-02  0.175889E-02 -0.174586E-01
  0.278923E-02  0.455610E-02  0.185768E-02
  0.361121E-03 -0.976678E-03 -0.839469E-02
 -0.354472E-02  0.297795E-03  0.280955E-02
  0.571164E-02  0.901232E-02  0.114377E-01
 -0.134757E-01  0.252542E-02  0.213232E-01
  0.151286E-01  0.925291E-02 -0.442418E-02
  0.657290E-03 -0.101767E-02  0.119619E-02
  0.355288E-02  0.787554E-02 -0.275927E-02
  0.664201E-02  0.197138E-03  0.261542E-02
  0.261824E-02 -0.335311E-02 -0.289156E-02
 -0.315650E-04  0.122576E-01  0.253979E-01
 -0.475394E-02 -0.125891E-01  0.120275E-01
 -0.235288E-03 -0.517618E-02 -0.854871E-02
 -0.197740E-02 -0.517897E-03 -0.192381E-02
  0.476188E-04 -0.550718E-02 -0.125154E-01
  0.109406E-01  0.422762E-02  0.123969E-01
  0.495791E-02 -0.627964E-03 -0.819093E-02
 -0.612250E-02  0.162374E-02  0.954138E-02
  0.660600E-02  0.148725E-02 -0.271638E-02
  0.871728E-02 -0.559934E-02  0.595615E-02
  0.979374E-02  0.187131E-01 -0.254927E-02
 -0.482658E-02 -0.566437E-02  0.582931E-02
 -0.227713E-02 -0.162186E-01  0.153557E-02
 -0.244937E-03 -0.305132E-02  0.692249E-02
 -0.818825E-02  0.518095E-02 -0.106169E-01
 -0.157440E-02  0.140718E-01 -0.989773E-03
  0.580136E-02 -0.236864E-02  0.258262E-02
  0.794724E-02 -0.108873E-01 -0.390863E-02
 -0.492088E-02 -0.212204E-01 -0.267853E-02
 -0.340848E-02 -0.137110E-01  0.651331E-02
  0.622682E-02 -0.703811E-02 -0.672189E-03
 -0.480685E-02  0.111842E-01 -0.126152E-01
  0.445794E-03 -0.110535E-01  0.792186E-02
 -0.107601E-01  0.893652E-03 -0.327988E-02
  0.112802E-02 -0.950253E-02 -0.181022E-02
  0.630839E-03  0.896658E-02 -0.215612E-02
  0.895712E-02  0.947387E-02  0.351021E-02
 -0.207957E-02 -0.873524E-02 -0.615141E-02
  0.383380E-02  0.314076E-02 -0.829625E-02
 -0.115533E-01 -0.218724E-01 -0.134501E-01
  0.669244E-02 -0.409083E-02  0.581629E-02
  0.994087E-02 -0.129464E-01 -0.364683E-02
 -0.109926E-02  0.189502E-02  0.511495E-03
  0.462973E-02 -0.166688E-02  0.463045E-02
 -0.912096E-03  0.762703E-02  0.341205E-02
  0.570838E-02  0.417694E-02 -0.745063E-02
 -0.818340E-02 -0.122860E-01 -0.866744E-02
  0.122555E-02 -0.107697E-01  0.111492E-01
  0.971627E-02  0.270774E-02 -0.500547E-03
 -0.406751E-02 -0.177635E-02  0.248911E-02
 -0.411050E-02  0.774911E-02 -0.337614E-02
  0.110747E-01  0.404555E-03 -0.133394E-01
  0.260898E-01 -0.267625E-02 -0.151512E-01
 -0.662923E-02  0.583208E-02  0.819652E-03
 -0.236357E-01  0.771547E-02 -0.294550E-02
  0.502470E-02  0.919288E-02 -0.592774E-02
 -0.448618E-02  0.471835E-02 -0.415364E-02
 -0.186679E-02  0.701719E-02 -0.287009E-02
  0.638834E-02  0.957576E-02  0.789837E-02
 -0.583184E-02  0.946106E-02  0.373705E-02
  0.286191E-03  0.117984E-01  0.147662E-01
 -0.197820E-01  0.654712E-02  0.404116E-02
 -0.176069E-02 -0.560880E-02  0.335238E-02
 -0.104176E-02  0.788440E-02 -0.179180E-02
 -0.468465E-02 -0.579421E-03 -0.934445E-02
  0.273645E-01 -0.235740E-03  0.239162E-02
 -0.156402E-01 -0.975446E-02 -0.119369E-01
  0.410297E-02  0.789135E-02  0.156191E-01
 -0.992904E-02  0.105880E-01 -0.745717E-03
  0.163445E-01  0.851335E-03 -0.134334E-01
 -0.174992E-01  0.104349E-02  0.234807E-02
  0.650771E-02 -0.101289E-02 -0.292136E-03
 -0.336600E-03 -0.465718E-02  0.807090E-03
  0.138566E-01 -0.362197E-02  0.427298E-02
 -0.157837E-01 -0.487125E-02  0.135500E-01
  0.104402E-01  0.151427E-02  0.164696E-03
