  0.845258E-02 -0.568398E-02  0.201585E-02
  0.667723E-02  0.763969E-02  0.811711E-02
  0.322742E-02  0.900191E-02 -0.171576E-01
  0.157104E-01  0.139364E-01 -0.943027E-03
 -0.237700E-02  0.144927E-01  0.123428E-01
  0.923655E-02 -0.142072E-01  0.549418E-02
 -0.781990E-02  0.940985E-02 -0.736909E-03
  0.278754E-02 -0.661408E-02 -0.362920E-02
 -0.690187E-02  0.454832E-02 -0.105493E-02
 -0.399970E-02  0.992170E-02 -0.189444E-02
  0.468415E-02  0.501290E-02 -0.230380E-02
 -0.257657E-02 -0.284133E-03 -0.377974E-02
 -0.245462E-01 -0.399220E-02 -0.252945E-02
  0.544693E-02 -0.909684E-03  0.524411E-03
 -0.301299E-01  0.867943E-02 -0.107357E-02
  0.464004E-02  0.132152E-01 -0.139881E-02
  0.991332E-02 -0.191385E-02  0.302357E-02
 -0.358215E-03 -0.512487E-02  0.514209E-02
 -0.107220E-01 -0.131995E-01  0.124794E-01
  0.117779E-01  0.190882E-01 -0.578911E-02
 -0.143306E-02 -0.199169E-01  0.218529E-02
 -0.337990E-02  0.155911E-01  0.603921E-02
 -0.700400E-02 -0.118810E-01 -0.234998E-02
  0.786460E-02  0.177183E-01  0.495055E-02
  0.655874E-02 -0.184156E-01  0.628182E-02
 -0.193103E-02  0.266466E-02  0.275448E-02
  0.204652E-02 -0.166195E-03 -0.133616E-01
  0.123363E-01  0.359744E-03  0.651150E-02
  0.124566E-01  0.216079E-01 -0.333580E-01
 -0.356268E-02  0.113018E-01  0.904608E-02
  0.927445E-02  0.709092E-02 -0.273247E-02
  0.152728E-01 -0.336214E-01  0.202212E-01
  0.278194E-01 -0.566161E-02 -0.141479E-01
  0.182171E-01 -0.695088E-03  0.369713E-02
 -0.477606E-02 -0.214392E-02 -0.352858E-02
 -0.952309E-02  0.212207E-02  0.901423E-02
 -0.243348E-01  0.217408E-02  0.395892E-02
 -0.166315E-01 -0.123380E-01 -0.129855E-01
 -0.105449E-01  0.157585E-02  0.233804E-01
 -0.117413E-01  0.140482E-02  0.531830E-02
 -0.187045E-01  0.249692E-02 -0.126033E-01
 -0.428321E-02  0.733449E-02 -0.702923E-02
 -0.251869E-01  0.673341E-03 -0.979796E-02
 -0.589670E-02 -0.211954E-02 -0.275088E-03
 -0.100550E-01 -0.132719E-01 -0.909239E-02
 -0.512722E-02 -0.135420E-01  0.248879E-01
  0.300260E-02 -0.553640E-02  0.634598E-02
  0.131210E-01  0.231194E-01 -0.374241E-02
 -0.834829E-02  0.103632E-01 -0.131893E-01
  0.882665E-02  0.724371E-02  0.292613E-02
  0.243699E-03 -0.344869E-02  0.645501E-03
  0.102884E-01  0.790205E-02 -0.182428E-02
  0.106987E-01 -0.123528E-01  0.167263E-01
  0.611039E-04 -0.248396E-01 -0.180202E-01
  0.229428E-02  0.115195E-02  0.227602E-02
 -0.352271E-02 -0.630104E-02 -0.793000E-02
 -0.294350E-02 -0.584605E-02  0.380356E-01
  0.348221E-03 -0.145883E-02 -0.125911E-01
 -0.271799E-02 -0.884170E-02  0.102108E-01
 -0.948082E-02 -0.130497E-01  0.187070E-01
 -0.953125E-02 -0.955321E-02 -0.105933E-01
  0.446339E-02  0.328132E-02 -0.263917E-03
  0.631025E-02  0.365826E-02  0.238201E-01
  0.147888E-01 -0.572444E-02  0.303970E-02
  0.254231E-03  0.292241E-02 -0.153368E-02
 -0.483536E-02 -0.112897E-01 -0.140214E-01
  0.421318E-02  0.701289E-02 -0.369294E-01
  0.169206E-01 -0.185373E-02  0.252530E-01
 -0.532697E-02  0.831853E-02 -0.108997E-01
  0.111969E-02  0.439838E-02 -0.231245E-01
 -0.365334E-02 -0.199644E-02 -0.796110E-02
  0.117476E-01  0.222425E-02  0.354459E-02
 -0.114502E-01 -0.119635E-02 -0.123811E-01
 -0.916867E-02  0.784643E-02  0.685306E-02
  0.567526E-03  0.308962E-02 -0.233306E-02
 -0.645706E-02 -0.120341E-01 -0.200752E-01
  0.919526E-03  0.205355E-02 -0.816633E-02
 -0.152341E-02 -0.409399E-03  0.117642E-01
 -0.146690E-02  0.563325E-02 -0.709656E-02
 -0.414537E-02 -0.107094E-01 -0.255773E-02
  0.452998E-02  0.165883E-01  0.528944E-02
  0.473870E-02  0.919218E-02  0.366093E-02
 -0.917405E-03 -0.210071E-01  0.764818E-03
 -0.114698E-01  0.451767E-02 -0.636357E-03
 -0.313438E-02 -0.532770E-02  0.162541E-01
 -0.509233E-02 -0.325096E-02 -0.351123E-02
  0.968567E-03  0.177361E-01 -0.107127E-01
 -0.151342E-01  0.530128E-02  0.137938E-02
  0.240825E-02  0.105206E-01 -0.129029E-01
  0.892622E-02 -0.791159E-02 -0.498686E-02
  0.343158E-02  0.527848E-02  0.509086E-02
  0.142708E-01 -0.801371E-02  0.704696E-02
  0.145664E-01 -0.162259E-01 -0.892978E-03
  0.974216E-02 -0.133001E-01  0.177925E-01
  0.523363E-02  0.125992E-01  0.586745E-02
  0.758715E-02 -0.631900E-02  0.125579E-01
  0.384783E-02  0.130752E-01 -0.257426E-02
 -0.413005E-02 -0.184259E-01 -0.200065E-02
  0.971565E-02  0.166371E-02 -0.128360E-02
 -0.727497E-02 -0.876120E-03 -0.179534E-01
  0.510959E-02  0.108048E-01 -0.847256E-03
  0.248276E-02  0.188674E-01  0.121518E-01
  0.114737E-01 -0.268714E-01 -0.266532E-02
 -0.527830E-02 -0.170727E-02 -0.795773E-02
 -0.148723E-01 -0.445995E-02 -0.166729E-02
  0.375733E-03  0.130953E-01 -0.296070E-02
 -0.956179E-02 -0.863171E-02 -0.137648E-02
  0.540176E-02 -0.480411E-02 -0.197274E-02
 -0.177466E-02 -0.638683E-02 -0.110676E-01
 -0.955156E-02  0.504274E-02  0.115549E-01
 -0.112440E-01 -0.155648E-01 -0.960832E-02
  0.128438E-01  0.103005E-01 -0.371308E-02
 -0.829372E-02  0.987416E-02 -0.131254E-01
 -0.176411E-01 -0.799929E-02 -0.517350E-02
  0.115778E-01 -0.328233E-02  0.187661E-02
  0.460585E-02  0.169202E-01 -0.317325E-02
 -0.144267E-01  0.677919E-02 -0.130776E-02
  0.122261E-03  0.340310E-02  0.833459E-03
  0.195476E-01 -0.362332E-02 -0.389296E-03
  0.699967E-02  0.142582E-02 -0.747211E-02
 -0.149986E-01  0.138036E-02 -0.114098E-01
  0.115230E-01  0.913598E-02 -0.625983E-02
  0.141355E-01 -0.482610E-03  0.780894E-02
  0.549315E-02 -0.271148E-02  0.240072E-01
 -0.105632E-01 -0.470837E-02 -0.173831E-02
  0.184814E-01  0.121001E-01 -0.261325E-02
 -0.161050E-02 -0.765307E-02  0.205898E-02
 -0.382640E-02 -0.288157E-02  0.249069E-02
  0.787648E-02  0.174304E-02  0.105961E-01
 -0.317760E-02  0.367518E-02  0.112688E-01
 -0.204420E-02 -0.479837E-02 -0.439259E-02
  0.113827E-02  0.396314E-02  0.556996E-02
  0.864861E-02  0.310655E-02  0.622218E-02
 -0.461144E-02 -0.676420E-02  0.169080E-01
 -0.236456E-01 -0.123881E-02  0.546952E-03
