 -0.918321E-02  0.324786E-02 -0.159464E-01
 -0.225285E-02 -0.948562E-02 -0.498172E-02
 -0.227664E-02 -0.348667E-01  0.148852E-01
 -0.223400E-01  0.186079E-01 -0.863481E-04
 -0.902776E-02  0.329783E-02 -0.273639E-01
  0.393640E-02 -0.176941E-02  0.117307E-01
 -0.103743E-01 -0.999011E-02  0.152244E-01
  0.333568E-02  0.974418E-02 -0.212084E-01
 -0.263470E-01 -0.459962E-02 -0.227820E-02
  0.136787E-01  0.411514E-02 -0.487027E-02
 -0.158476E-02 -0.103747E-01  0.624806E-02
  0.794609E-03  0.288141E-02  0.199708E-01
 -0.268817E-02 -0.828058E-02  0.351961E-03
  0.627848E-02 -0.125111E-01  0.166622E-01
  0.128215E-01  0.183399E-01 -0.187517E-01
  0.151091E-01 -0.840604E-02 -0.982146E-02
 -0.434172E-02  0.146403E-02 -0.259168E-01
  0.222698E-01  0.961210E-03  0.130073E-01
  0.489666E-02  0.328855E-01  0.821060E-02
  0.901920E-02  0.227374E-01 -0.848983E-02
  0.228396E-02  0.121415E-01  0.246374E-02
 -0.113011E-01  0.106658E-01  0.850315E-02
  0.111154E-01  0.878607E-02 -0.865273E-02
  0.176681E-01  0.712767E-02 -0.202945E-01
  0.336399E-02  0.916834E-02 -0.136957E-01
  0.650644E-02 -0.962542E-02 -0.434884E-02
  0.759343E-02 -0.479897E-02 -0.854755E-02
 -0.161607E-01 -0.114611E-01  0.217530E-01
  0.231203E-01 -0.177291E-01 -0.457536E-02
 -0.164890E-01 -0.151014E-01 -0.198264E-02
 -0.178684E-01  0.114904E-01  0.173301E-01
  0.238396E-01 -0.927819E-02 -0.328718E-01
 -0.352697E-02  0.151228E-01  0.137942E-01
 -0.102533E-01 -0.377534E-01  0.260401E-01
 -0.122323E-01  0.150735E-01 -0.359544E-01
 -0.184400E-01  0.631636E-02 -0.369583E-02
  0.349161E-01  0.179156E-01  0.164568E-01
 -0.126315E-02  0.701529E-02 -0.289332E-01
 -0.466998E-02 -0.955969E-02 -0.122291E-02
  0.482049E-02 -0.116024E-01 -0.698238E-02
 -0.130627E-01 -0.198312E-01  0.162719E-01
  0.239842E-01  0.216385E-01  0.906151E-02
 -0.199705E-01 -0.976952E-03 -0.141060E-01
 -0.677698E-02  0.117835E-03  0.902634E-03
 -0.158838E-01 -0.174413E-01  0.352812E-01
 -0.145300E-01 -0.281636E-01  0.278352E-01
 -0.304810E-01 -0.353584E-01 -0.160243E-01
  0.120316E-01 -0.481129E-01  0.295126E-01
  0.147046E-01  0.719542E-02  0.108530E-02
 -0.268598E-01  0.230141E-01 -0.102332E-01
 -0.587155E-02  0.208033E-01  0.583758E-02
  0.112415E-01  0.839438E-02 -0.116189E-01
  0.322442E-02  0.102236E-01 -0.518380E-02
  0.187704E-01  0.225688E-01  0.251766E-01
  0.370303E-02 -0.113840E-01 -0.226875E-01
  0.105471E-01 -0.750942E-02  0.144164E-01
 -0.316364E-02 -0.516023E-02  0.113255E-01
  0.547371E-02 -0.114524E-01 -0.136025E-01
  0.109897E-01  0.986870E-02  0.108899E-01
 -0.222161E-01 -0.399154E-02 -0.106584E-01
  0.128038E-01 -0.345697E-02 -0.143509E-01
  0.106743E-02 -0.302602E-03  0.151850E-01
  0.103203E-01  0.561668E-03 -0.254273E-01
  0.443590E-02 -0.111649E-01 -0.262341E-01
 -0.179015E-01 -0.666147E-02  0.892861E-02
  0.270905E-03 -0.242530E-02  0.114904E-02
  0.742362E-02  0.101389E-01  0.779934E-02
 -0.206437E-01 -0.670438E-02  0.375464E-02
 -0.863505E-02  0.650336E-02  0.170028E-01
  0.327695E-02  0.139614E-02  0.274310E-01
 -0.809753E-03  0.863092E-02 -0.160072E-01
 -0.940849E-02  0.318419E-03 -0.817768E-02
 -0.862770E-02  0.155001E-01 -0.867685E-02
 -0.106625E-01  0.167857E-01  0.309509E-01
 -0.180619E-01  0.149913E-01 -0.406545E-01
 -0.127391E-01 -0.429368E-04  0.187580E-02
  0.110901E-01 -0.714892E-02  0.155644E-01
  0.173720E-01 -0.403375E-02 -0.454736E-02
 -0.181731E-01 -0.936369E-02 -0.277569E-03
 -0.746319E-02  0.241196E-02  0.124277E-01
 -0.230745E-02 -0.125564E-01 -0.398160E-02
  0.113079E-01  0.273011E-01  0.119233E-01
  0.180198E-01 -0.149024E-01  0.717448E-02
  0.193399E-01  0.819193E-02  0.616464E-02
  0.902010E-02  0.279549E-01  0.131330E-02
  0.602990E-02  0.358112E-01 -0.327820E-02
  0.467360E-02  0.380133E-02 -0.387064E-02
  0.152704E-01 -0.252393E-01  0.130215E-01
 -0.299608E-02 -0.398981E-03  0.356664E-04
  0.609908E-02 -0.755123E-02  0.166307E-02
 -0.129032E-01 -0.286857E-02 -0.654271E-02
  0.192913E-02  0.551402E-03 -0.382851E-02
  0.208478E-02 -0.333241E-02 -0.720571E-02
  0.308724E-02  0.138151E-01 -0.719959E-02
  0.350689E-03 -0.201828E-01  0.740356E-02
 -0.170288E-02  0.721184E-02  0.102554E-01
 -0.579032E-02  0.107701E-01  0.140785E-01
  0.526503E-02  0.231428E-01  0.475471E-02
 -0.862395E-02 -0.175264E-01 -0.112013E-01
  0.147023E-01  0.688015E-02 -0.861517E-02
  0.941235E-03 -0.895842E-02 -0.465125E-02
 -0.745776E-02  0.319729E-02 -0.355194E-02
  0.308246E-02 -0.205223E-01  0.136408E-02
 -0.452281E-02  0.165698E-03  0.677558E-03
  0.680835E-02  0.410419E-01 -0.633582E-02
 -0.213323E-02 -0.944778E-02 -0.885366E-02
 -0.107380E-01 -0.113461E-02  0.183407E-01
 -0.128228E-01 -0.147675E-01 -0.175677E-01
 -0.879838E-02 -0.150706E-01  0.871364E-02
  0.159623E-01  0.493653E-02  0.446213E-02
  0.231057E-01  0.113616E-01  0.553595E-02
  0.149263E-01 -0.378788E-02  0.545905E-02
  0.132577E-01 -0.140714E-01  0.175355E-01
  0.838077E-02 -0.242040E-02 -0.140700E-01
  0.957124E-02  0.776383E-02  0.117723E-01
  0.132887E-01  0.615302E-03  0.162214E-01
  0.226725E-02 -0.857512E-02  0.133768E-03
 -0.950051E-02 -0.394639E-03  0.593828E-03
 -0.770426E-03 -0.483779E-02 -0.142377E-01
 -0.114716E-01  0.200465E-03  0.218372E-02
 -0.188373E-01  0.131599E-01 -0.117668E-01
 -0.322363E-01  0.888230E-02 -0.683818E-02
  0.100199E-01  0.837089E-02  0.831131E-02
  0.244157E-02 -0.625935E-02 -0.150183E-01
 -0.117724E-01  0.271321E-01  0.195546E-01
 -0.573286E-02  0.263974E-01 -0.106993E-02
  0.120580E-01 -0.508522E-02 -0.634303E-02
  0.825532E-02 -0.128225E-03  0.104987E-01
 -0.267293E-01 -0.915019E-02  0.267858E-02
  0.217828E-01 -0.142087E-01 -0.372871E-01
  0.136938E-01 -0.920415E-02  0.120170E-01
  0.509122E-02 -0.254259E-02  0.631174E-02
 -0.217229E-01 -0.970832E-02  0.348489E-02
 -0.339273E-02 -0.198066E-01 -0.351051E-03
  0.531283E-02 -0.630516E-02 -0.123298E-01
