  0.143200E-02 -0.185188E-01  0.116075E-02
  0.695745E-02  0.998918E-02 -0.119794E-01
  0.145724E-01  0.125390E-02  0.270323E-02
 -0.543228E-02  0.155062E-01 -0.139469E-01
  0.809140E-02 -0.151148E-01 -0.359110E-03
 -0.263353E-02  0.392388E-02 -0.140944E-01
 -0.511846E-02 -0.103662E-02 -0.277342E-02
 -0.113361E-01  0.106365E-01 -0.530799E-02
  0.289279E-02  0.261944E-02  0.257050E-01
  0.216138E-02  0.105809E-02  0.343129E-02
 -0.130635E-01  0.693165E-02  0.448850E-02
 -0.289315E-02 -0.165730E-02 -0.786974E-02
  0.483805E-02 -0.536896E-02 -0.118890E-01
  0.259508E-02 -0.471877E-02 -0.130563E-01
 -0.246355E-02 -0.199563E-01  0.170321E-01
  0.158085E-01 -0.170321E-01 -0.261527E-01
 -0.397768E-02 -0.221864E-02 -0.122368E-01
  0.190220E-02  0.112289E-02  0.891758E-02
 -0.626149E-02 -0.313369E-02 -0.915688E-02
  0.125057E-01 -0.911158E-02 -0.347357E-02
 -0.913446E-02  0.204483E-02 -0.915185E-02
 -0.275774E-02  0.155108E-01  0.382834E-02
 -0.817220E-02  0.196687E-02 -0.125975E-01
  0.281984E-02 -0.607732E-02  0.861240E-02
  0.119394E-03 -0.167405E-01 -0.103058E-01
 -0.853910E-02  0.378831E-02 -0.526740E-02
  0.564802E-02  0.451329E-02  0.126005E-01
 -0.125683E-02 -0.221286E-01  0.257148E-01
 -0.122839E-01 -0.255102E-01  0.468943E-02
 -0.314883E-02  0.151468E-02 -0.220294E-01
  0.118690E-02  0.974933E-03  0.428945E-03
 -0.532656E-02  0.114902E-01 -0.394255E-02
 -0.116460E-01 -0.729756E-02  0.422731E-01
 -0.384165E-01  0.362001E-01  0.206492E-01
  0.194162E-01  0.185853E-01  0.152805E-01
  0.143888E-01  0.269816E-02 -0.216856E-01
 -0.168080E-01  0.444974E-02 -0.740260E-02
 -0.224896E-01  0.388334E-03  0.149997E-01
 -0.235115E-01  0.314668E-05 -0.341216E-02
  0.150582E-01  0.194431E-03  0.191429E-02
  0.196852E-01  0.731736E-02 -0.753542E-02
  0.647714E-02  0.204837E-01  0.356435E-02
  0.228758E-02  0.124884E-01  0.497916E-02
 -0.167876E-01  0.319393E-01  0.768507E-02
 -0.175157E-02 -0.216834E-01 -0.338470E-02
  0.228706E-02  0.192039E-03  0.151567E-01
  0.140258E-01 -0.526882E-02 -0.874734E-02
  0.905512E-02  0.617672E-02 -0.111495E-01
 -0.423320E-02  0.646479E-02 -0.132266E-01
 -0.717832E-03 -0.255345E-01  0.182857E-01
  0.173823E-02 -0.516200E-02  0.163136E-01
  0.213967E-01 -0.123726E-01 -0.502888E-02
 -0.161591E-02  0.241836E-01  0.168364E-01
 -0.270829E-02 -0.188139E-02 -0.179386E-01
  0.163604E-01 -0.250423E-02 -0.221302E-02
  0.100291E-01  0.546290E-02  0.879370E-03
 -0.724779E-02  0.551792E-02 -0.749791E-02
 -0.398099E-02  0.185202E-02  0.148245E-01
 -0.926669E-02  0.116422E-01  0.275987E-01
  0.147836E-01 -0.131337E-02 -0.446897E-01
 -0.206741E-02  0.770203E-03  0.439971E-02
 -0.940823E-02 -0.105414E-01  0.139737E-01
  0.271646E-03 -0.135630E-01 -0.177033E-01
 -0.281408E-02 -0.116936E-01  0.172084E-01
  0.786141E-02 -0.183688E-02 -0.689993E-02
  0.105012E-01 -0.378249E-02 -0.497611E-02
 -0.451522E-02  0.165914E-02  0.367133E-02
 -0.114300E-01  0.343494E-02 -0.516797E-02
  0.505717E-02  0.424607E-02  0.771446E-02
 -0.388849E-02  0.172355E-02 -0.123333E-02
  0.100279E-01  0.346290E-02 -0.900450E-02
  0.519509E-02 -0.130957E-01 -0.628315E-02
  0.104985E-01 -0.115075E-01  0.722597E-02
 -0.490792E-02  0.140106E-01 -0.267080E-01
 -0.132727E-01 -0.119282E-01  0.188855E-01
  0.123584E-02  0.177838E-02  0.134168E-01
  0.488685E-02  0.681506E-02  0.154771E-01
 -0.606829E-02  0.127501E-02 -0.369386E-03
  0.244348E-02 -0.109234E-01  0.198639E-01
 -0.102517E-01 -0.531518E-02  0.821097E-03
 -0.153193E-01 -0.129144E-01 -0.104630E-01
 -0.545755E-03  0.801306E-02 -0.605788E-02
 -0.255431E-02 -0.210150E-01 -0.139269E-01
 -0.830786E-02  0.608336E-02  0.166588E-01
  0.409061E-02  0.241135E-02 -0.432641E-02
 -0.145567E-02  0.714901E-02 -0.823598E-02
  0.312197E-02 -0.184650E-02  0.483856E-02
  0.110665E-01 -0.531326E-02  0.216118E-02
  0.999306E-02  0.706294E-02 -0.148303E-01
  0.286127E-02  0.129671E-01 -0.409217E-02
  0.675462E-02  0.227161E-01  0.700676E-02
  0.144867E-01  0.317422E-01  0.771395E-03
  0.867253E-02  0.179283E-01  0.135103E-01
  0.171528E-02 -0.913766E-02  0.859521E-02
 -0.643387E-02 -0.160147E-01  0.101689E-03
 -0.121850E-01  0.100793E-01 -0.159775E-01
 -0.693464E-02 -0.721167E-03 -0.533765E-02
 -0.207943E-01 -0.141078E-01 -0.178420E-01
 -0.109209E-01 -0.935991E-02 -0.115007E-01
 -0.202813E-02  0.362346E-02 -0.785129E-02
 -0.639055E-02  0.289202E-02 -0.418118E-02
  0.193131E-02  0.968558E-02 -0.117971E-02
  0.413347E-02 -0.206755E-01 -0.438865E-02
 -0.113386E-02  0.404631E-02  0.111313E-02
 -0.594622E-03  0.242374E-02  0.540966E-02
 -0.252805E-02  0.140263E-02 -0.856269E-02
 -0.105556E-01 -0.333777E-02 -0.886463E-02
  0.199227E-01  0.451488E-02 -0.962659E-03
 -0.222154E-01  0.323358E-02  0.163609E-01
  0.724723E-02  0.113032E-01  0.272366E-02
 -0.108624E-01  0.126315E-01  0.155056E-01
  0.810247E-02 -0.603182E-02 -0.344441E-02
  0.164703E-01 -0.202210E-01 -0.233374E-01
 -0.564891E-03 -0.759056E-02 -0.180531E-02
 -0.150849E-01  0.108157E-02 -0.713938E-02
  0.275207E-01 -0.584347E-02  0.330852E-02
 -0.800731E-02 -0.622825E-02  0.102251E-01
  0.488404E-03 -0.335617E-02  0.563740E-02
 -0.371276E-02  0.807321E-02 -0.100839E-02
 -0.219228E-02 -0.214722E-02  0.186414E-01
  0.533498E-02  0.623862E-02  0.862939E-02
 -0.151541E-01 -0.964659E-03  0.110515E-01
  0.148988E-01 -0.218628E-03  0.269596E-02
  0.252608E-01 -0.935562E-02  0.262888E-03
 -0.664957E-02 -0.532872E-02  0.265917E-02
  0.126960E-02 -0.964798E-02  0.403166E-02
  0.252371E-02 -0.805721E-02  0.433683E-02
  0.147659E-03 -0.102441E-01  0.705515E-02
 -0.151100E-01 -0.306676E-02 -0.473975E-02
 -0.555859E-02  0.325058E-02  0.625746E-03
  0.232828E-01  0.229442E-01 -0.208630E-02
 -0.996635E-02 -0.522016E-02 -0.879839E-02
  0.701424E-02 -0.740166E-02  0.815538E-02
  0.630343E-02 -0.410976E-02 -0.733600E-02
  0.142516E-01  0.212470E-01 -0.915928E-02
