  0.364527E-01  0.788456E-02 -0.688280E-02
 -0.223897E-01  0.301835E-02 -0.155297E-01
  0.161952E-01 -0.248282E-01 -0.147881E-02
  0.973652E-02  0.239809E-02 -0.204275E-01
  0.196077E-03 -0.173826E-01 -0.181771E-01
  0.759748E-04  0.201932E-01  0.144667E-01
 -0.157427E-01 -0.474092E-02 -0.103199E-01
 -0.406920E-02 -0.964443E-02 -0.111141E-01
 -0.266141E-01  0.473490E-02  0.130620E-01
 -0.422753E-02  0.162224E-01  0.170488E-01
 -0.623795E-02 -0.468087E-02 -0.234099E-02
  0.105657E-01 -0.237448E-01 -0.207821E-01
 -0.722032E-02  0.176266E-01  0.854224E-02
 -0.141785E-01 -0.367751E-01 -0.127002E-01
 -0.145318E-01 -0.586515E-02  0.109299E-02
  0.105138E-01  0.104901E-01 -0.188050E-01
 -0.794821E-02  0.273737E-01 -0.968760E-03
  0.139958E-01  0.183136E-02 -0.721035E-03
  0.505709E-02 -0.884361E-02 -0.829701E-02
  0.745471E-02  0.121746E-01 -0.101841E-01
  0.854793E-02  0.118812E-01 -0.340234E-03
  0.226749E-01  0.197386E-01  0.242328E-01
  0.742945E-02 -0.565242E-02  0.677676E-02
  0.223993E-01  0.311794E-02 -0.217383E-01
 -0.536559E-02 -0.118468E-01 -0.312812E-01
  0.145513E-01 -0.323729E-01 -0.250374E-01
  0.206898E-01  0.107817E-01  0.385093E-01
 -0.339350E-01 -0.250043E-01 -0.813770E-02
 -0.225173E-01  0.611505E-02 -0.410056E-01
 -0.796517E-02  0.428518E-01  0.407116E-01
 -0.685216E-01 -0.243701E-01 -0.890810E-02
 -0.282964E-01  0.286849E-01  0.614503E-01
 -0.185660E-01 -0.124888E-01 -0.874256E-02
 -0.571297E-01  0.253000E-01  0.225844E-01
 -0.953628E-02  0.139802E-01 -0.445529E-02
 -0.571979E-01 -0.313336E-01 -0.250738E-01
 -0.283661E-01  0.572018E-02  0.349300E-01
 -0.585569E-02  0.356839E-02 -0.160326E-01
 -0.193782E-01 -0.315064E-02  0.158495E-01
  0.157054E-01 -0.119626E-01 -0.835882E-02
 -0.701688E-02 -0.143490E-01 -0.113189E-01
  0.214734E-01  0.632241E-02 -0.730258E-03
  0.382104E-01  0.157905E-01 -0.300801E-01
 -0.291235E-02  0.286188E-02  0.201678E-02
  0.274815E-01 -0.573048E-02  0.783619E-01
  0.369317E-01  0.526061E-02 -0.177298E-01
  0.933518E-02 -0.222869E-01  0.949326E-02
 -0.176354E-01  0.687627E-02 -0.182338E-01
  0.144375E-01  0.196745E-01 -0.601120E-01
  0.202848E-01 -0.109214E-01  0.900112E-02
 -0.803123E-02  0.381937E-01  0.159911E-01
 -0.306860E-01 -0.802019E-02 -0.161676E-01
  0.214415E-01  0.857743E-02  0.858143E-02
  0.368701E-01 -0.241758E-01 -0.451539E-01
 -0.747179E-02  0.118476E-01 -0.335580E-01
  0.760936E-03  0.175800E-01  0.103406E-01
 -0.612941E-02  0.629221E-02  0.416321E-01
 -0.570652E-02  0.109755E-01  0.393746E-01
 -0.733172E-02  0.692401E-02 -0.665762E-01
  0.575262E-03 -0.139715E-01 -0.158371E-03
 -0.342553E-04 -0.111408E-01 -0.385286E-02
  0.103157E-01 -0.164257E-01  0.381062E-02
  0.981368E-02  0.637463E-02 -0.449996E-02
  0.147563E-01 -0.108560E-01 -0.435132E-01
 -0.340066E-02 -0.191812E-02  0.199588E-01
 -0.173836E-01 -0.473552E-02  0.266397E-01
 -0.641180E-02  0.592607E-02  0.461618E-01
 -0.300058E-02  0.190319E-01 -0.825047E-02
  0.124373E-01  0.410544E-01 -0.158125E-01
 -0.753933E-02  0.307468E-02  0.264093E-01
 -0.213426E-01 -0.282619E-01  0.238451E-01
 -0.410216E-04 -0.132334E-01 -0.403712E-01
 -0.131590E-01 -0.120564E-01 -0.243887E-01
  0.312356E-02 -0.144377E-01  0.135204E-01
  0.165524E-01 -0.128744E-01 -0.164120E-01
 -0.107563E-01  0.189477E-02 -0.113118E-01
 -0.150593E-01  0.771737E-02  0.457293E-01
 -0.184489E-02  0.181782E-01 -0.415671E-01
 -0.309179E-02  0.194036E-01  0.511278E-01
  0.114039E-01  0.239967E-02 -0.242283E-02
 -0.113762E-01  0.866080E-02 -0.602834E-01
 -0.437680E-02 -0.201524E-01 -0.731099E-02
  0.252345E-01  0.638914E-02  0.809983E-02
 -0.878763E-02 -0.118960E-01 -0.282059E-02
 -0.357442E-01  0.194319E-02  0.403941E-02
  0.210380E-01 -0.340870E-01  0.118012E-01
  0.544136E-02 -0.164314E-01 -0.741223E-02
  0.188695E-01 -0.618167E-02  0.957431E-02
  0.877593E-02  0.400524E-01  0.976175E-03
  0.113474E-01  0.120732E-03  0.731331E-02
 -0.249634E-01 -0.128445E-01 -0.242722E-01
  0.732180E-02  0.148679E-01  0.139348E-01
 -0.250222E-01  0.376948E-02  0.108763E-01
  0.134036E-01  0.401743E-01 -0.822268E-02
 -0.650996E-02  0.362113E-02 -0.561134E-02
 -0.138526E-01 -0.122926E-01 -0.264914E-01
  0.635076E-02 -0.147374E-02  0.990726E-02
 -0.348254E-01 -0.233203E-01 -0.625933E-02
 -0.537313E-02 -0.120992E-01 -0.225542E-01
 -0.154560E-01 -0.215090E-01  0.346727E-01
 -0.109166E-01 -0.157792E-01  0.547234E-02
 -0.361472E-01  0.946109E-02  0.323229E-01
 -0.223560E-01 -0.457365E-02  0.311525E-02
  0.936024E-02  0.668021E-01 -0.107497E-01
 -0.118576E-02 -0.878997E-03 -0.660059E-02
  0.257747E-01  0.199153E-01  0.262953E-01
  0.582055E-02 -0.185227E-02  0.259350E-01
  0.953816E-03  0.759890E-03  0.438116E-02
  0.247760E-02 -0.893625E-02  0.130638E-01
 -0.361599E-02  0.114395E-01  0.103396E-01
  0.269030E-01  0.129382E-01  0.160904E-01
  0.649069E-02  0.111974E-01  0.109924E-01
 -0.477847E-01  0.138786E-01 -0.941077E-02
  0.270133E-01 -0.549204E-02  0.358286E-03
  0.234964E-01 -0.559551E-02  0.554487E-02
 -0.775771E-03 -0.234647E-01  0.623482E-02
  0.357207E-01 -0.157587E-01  0.902776E-02
  0.315933E-01 -0.254207E-01  0.241629E-02
 -0.618564E-02 -0.149836E-01 -0.976750E-02
 -0.548149E-03 -0.486285E-02 -0.577704E-02
  0.421611E-01  0.264336E-01 -0.323261E-02
  0.540638E-01 -0.302386E-02  0.284557E-01
  0.258207E-01  0.120899E-01 -0.237334E-01
  0.665622E-01 -0.112838E-01  0.585808E-02
  0.145890E-02 -0.136889E-01 -0.774403E-03
  0.124909E-02  0.607132E-02  0.393258E-02
  0.334216E-02  0.676415E-02 -0.221122E-01
  0.976489E-02 -0.105315E-01 -0.480856E-02
  0.273269E-01 -0.196636E-01  0.148567E-01
 -0.249349E-01 -0.435952E-02  0.125632E-01
  0.867447E-02 -0.146215E-02 -0.254502E-02
 -0.853929E-02 -0.214868E-02 -0.215141E-01
 -0.111938E-02 -0.222831E-01 -0.110069E-01
  0.119165E-01 -0.310096E-02  0.405121E-01
 -0.620005E-01  0.162456E-01  0.131162E-01
