 -0.357005E-02 -0.145059E-01 -0.609221E-02
 -0.439905E-02  0.122575E-02 -0.117615E-01
  0.307273E-01  0.293352E-02  0.177195E-01
 -0.215212E-04  0.235215E-01 -0.141587E-02
 -0.194067E-01 -0.123955E-01 -0.689135E-02
 -0.107043E-01  0.126049E-02 -0.650543E-02
 -0.320133E-02 -0.345969E-01 -0.244758E-01
  0.194808E-01 -0.767286E-02 -0.594810E-02
  0.269534E-01  0.109687E-01  0.267827E-01
  0.693038E-02  0.128397E-01  0.336339E-02
 -0.174742E-01  0.113428E-01 -0.971386E-03
  0.337115E-02  0.349457E-02  0.249598E-01
  0.552721E-02  0.164917E-01  0.176852E-01
  0.181010E-01  0.536825E-02  0.129717E-01
  0.291394E-01 -0.208691E-01 -0.131388E-01
  0.238770E-02 -0.258480E-01 -0.378585E-02
  0.335626E-01 -0.350463E-02 -0.264885E-01
 -0.941076E-02  0.296338E-02 -0.925341E-02
 -0.178919E-01 -0.107748E-01  0.384550E-02
  0.281426E-01  0.238642E-01 -0.849025E-02
  0.116980E-01  0.117649E-01  0.380306E-02
  0.367892E-02 -0.347896E-02  0.106368E-01
  0.319202E-02 -0.121409E-01  0.491616E-02
 -0.221131E-03  0.519340E-02 -0.988524E-03
  0.348103E-01 -0.755166E-02 -0.345206E-01
 -0.171243E-01 -0.253312E-01 -0.752461E-02
 -0.257649E-01 -0.989048E-02  0.217957E-01
 -0.218258E-02  0.732547E-02 -0.680061E-02
 -0.121643E-01  0.130231E-01  0.140328E-01
  0.804155E-03 -0.118224E-01 -0.121482E-01
 -0.402786E-02  0.115442E-01  0.514597E-01
 -0.238035E-01 -0.165686E-01 -0.467105E-02
 -0.877152E-02  0.340899E-01 -0.251784E-01
 -0.207344E-01  0.159876E-01  0.108616E-01
 -0.144211E-01 -0.132179E-01  0.196289E-01
 -0.531020E-01  0.112146E-02 -0.332530E-01
  0.689489E-01 -0.237467E-02  0.957816E-03
 -0.614189E-02  0.305632E-01  0.223824E-01
 -0.388523E-01 -0.300989E-01 -0.511612E-01
 -0.240709E-01 -0.211457E-01  0.289791E-01
  0.121442E-01 -0.500684E-01  0.948229E-02
 -0.219448E-01 -0.293786E-01 -0.332385E-01
 -0.216575E-01  0.201975E-02 -0.109964E-02
 -0.573789E-02  0.304762E-01  0.128267E-01
  0.131030E-01  0.171564E-01 -0.333642E-01
  0.642122E-02  0.123905E-01  0.338059E-01
 -0.539225E-01 -0.247878E-01 -0.454265E-01
 -0.887995E-02 -0.667921E-02 -0.156627E-01
  0.101076E-01 -0.153236E-01 -0.689521E-02
  0.157497E-01 -0.149741E-01  0.594081E-02
  0.402637E-01  0.373498E-01  0.970434E-02
  0.172524E-01  0.162143E-01  0.157827E-01
  0.954020E-02  0.510721E-01  0.793819E-02
  0.425348E-01 -0.629300E-02 -0.659445E-02
  0.268092E-01  0.671915E-02 -0.264989E-01
  0.158219E-01 -0.679786E-02 -0.775194E-02
  0.427571E-02  0.205429E-01  0.329353E-01
 -0.207362E-02  0.323528E-02 -0.406389E-02
  0.195684E-01  0.149336E-01  0.135778E-01
 -0.501298E-02  0.148223E-02 -0.166548E-01
  0.479180E-01  0.119834E-01  0.569069E-01
 -0.196409E-02  0.149624E-01 -0.509342E-02
  0.641775E-02  0.670370E-02 -0.334980E-01
  0.162756E-01 -0.142357E-01  0.282739E-01
 -0.261627E-01 -0.258725E-03 -0.365709E-01
  0.758882E-02 -0.393901E-02  0.509418E-02
  0.698386E-03 -0.104774E-01  0.910220E-01
 -0.932138E-02  0.462107E-01  0.101162E-01
 -0.230008E-02 -0.578717E-03 -0.645279E-01
 -0.208880E-02  0.208684E-02  0.213116E-01
 -0.130988E-01  0.119256E-02 -0.129253E-01
 -0.942498E-02 -0.713257E-03 -0.217659E-01
  0.187522E-01 -0.213178E-02 -0.158869E-01
 -0.103515E-01 -0.113455E-01 -0.221295E-01
  0.241476E-02 -0.518967E-02  0.176783E-01
 -0.296014E-01 -0.220661E-01  0.242563E-01
 -0.120217E-01  0.548356E-02  0.104516E-02
 -0.188844E-01 -0.993112E-02  0.954158E-03
  0.166797E-01 -0.130349E-01  0.148697E-01
  0.203841E-01  0.134503E-01  0.995399E-03
 -0.242752E-01 -0.686037E-02 -0.333548E-03
 -0.118185E-01 -0.404657E-01  0.113121E-01
  0.146847E-01 -0.180487E-01 -0.601884E-02
 -0.292548E-03  0.228204E-01  0.473595E-02
  0.148340E-02 -0.221363E-01 -0.215192E-01
  0.175698E-02  0.233805E-02 -0.336905E-01
 -0.634582E-02 -0.323456E-01 -0.240256E-01
  0.233627E-02  0.179502E-01 -0.480523E-02
 -0.192770E-01  0.193702E-01  0.214456E-01
  0.280021E-01  0.798865E-02  0.157465E-01
  0.172407E-01 -0.306814E-01  0.113335E-01
 -0.289754E-01 -0.459053E-01  0.446250E-02
  0.359381E-02 -0.114788E-01 -0.288222E-03
 -0.228619E-02 -0.105992E-01 -0.116519E-01
  0.479991E-02  0.395535E-01  0.804193E-02
  0.124290E-01  0.178883E-01  0.473943E-02
 -0.176071E-01 -0.111461E-01  0.109299E-01
 -0.489872E-02 -0.708747E-02 -0.234833E-02
  0.315245E-02  0.442124E-01 -0.936083E-02
 -0.190814E-02  0.275029E-03  0.199767E-01
 -0.111603E-01  0.119331E-02 -0.232501E-01
 -0.274466E-01  0.916578E-02  0.276505E-01
 -0.937299E-04  0.246262E-01 -0.200129E-01
 -0.107986E-01  0.424919E-01 -0.342224E-02
 -0.103679E-01 -0.156575E-01  0.511081E-03
 -0.202965E-01  0.632014E-03 -0.722778E-02
 -0.102542E-01  0.153057E-02 -0.120393E-01
 -0.112054E-01  0.353171E-01 -0.192858E-01
 -0.179459E-01 -0.128751E-01 -0.201470E-02
  0.465842E-01  0.499082E-02  0.223555E-01
  0.946775E-02 -0.125801E-01  0.184384E-02
  0.116447E-01 -0.864798E-03  0.847898E-02
 -0.195078E-02 -0.379204E-02 -0.371468E-03
  0.235328E-01 -0.221213E-01 -0.217381E-01
  0.626118E-03  0.501511E-02  0.131823E-01
  0.763784E-02 -0.113757E-01 -0.589502E-02
 -0.555291E-02  0.103505E-01 -0.862007E-02
 -0.106707E-01  0.183346E-01  0.300903E-02
 -0.114597E-01  0.187285E-02 -0.230123E-01
 -0.579932E-01 -0.664159E-02  0.130535E-01
  0.137625E-01  0.176801E-01 -0.127427E-02
  0.418801E-01 -0.178071E-01  0.873723E-02
  0.123259E-02  0.812972E-02  0.167145E-01
  0.299140E-02  0.227034E-01  0.708443E-02
  0.181536E-01 -0.102281E-02 -0.284281E-02
 -0.479853E-02 -0.270801E-01  0.589594E-03
 -0.177009E-01 -0.535074E-02 -0.142838E-01
  0.254434E-03 -0.588512E-02  0.113798E-01
  0.292261E-01  0.515019E-02  0.173656E-01
 -0.149600E-01 -0.689299E-04  0.181157E-02
 -0.111153E-01 -0.116118E-01  0.136650E-01
  0.241356E-01 -0.386353E-02 -0.454252E-02
 -0.176371E-01  0.302171E-02  0.775660E-02
 -0.375204E-01 -0.180878E-01  0.443416E-02
  0.173885E-02 -0.172159E-02 -0.865814E-02
