  0.907530E-02 -0.256048E-01 -0.127945E-01
 -0.966128E-02 -0.276830E-02 -0.289701E-01
 -0.485192E-02  0.315942E-02  0.769012E-02
 -0.855741E-02 -0.117539E-01 -0.179458E-02
  0.126478E-01 -0.131640E-01  0.157034E-01
  0.261355E-02 -0.357139E-01  0.168538E-01
  0.628957E-02  0.261708E-01  0.343852E-01
  0.291359E-01  0.275277E-01 -0.669129E-02
  0.145729E-01  0.299756E-01 -0.569358E-02
 -0.118406E-01  0.185239E-01  0.171275E-01
 -0.199099E-01  0.373668E-02  0.891171E-02
  0.393142E-01 -0.159577E-01 -0.428814E-02
  0.134989E-01  0.778744E-03  0.203749E-02
  0.140271E-01 -0.239972E-01  0.364708E-01
 -0.526662E-02 -0.161293E-01 -0.143907E-01
  0.120752E-01 -0.911689E-02  0.462190E-02
  0.694977E-03  0.101071E-01  0.186628E-01
 -0.790293E-02 -0.194477E-01 -0.331473E-01
 -0.408706E-02  0.965704E-02 -0.749128E-02
  0.791807E-02 -0.665121E-02 -0.240676E-01
  0.272535E-01 -0.188717E-02  0.560168E-02
 -0.377173E-01 -0.200395E-01  0.197486E-01
 -0.381961E-01  0.116815E-01 -0.149506E-01
  0.197044E-01 -0.591382E-03 -0.124647E-01
  0.165650E-01 -0.587410E-02 -0.787585E-02
 -0.247504E-01  0.165106E-02  0.657099E-02
  0.157265E-01 -0.196522E-02 -0.125064E-01
  0.166331E-01  0.931579E-02  0.145920E-01
  0.592456E-03  0.278331E-01  0.167625E-01
 -0.366493E-01  0.144797E-02 -0.462632E-01
 -0.140670E-01  0.962299E-02  0.162012E-02
  0.344231E-02 -0.181174E-01 -0.170526E-01
  0.482328E-01 -0.363489E-01 -0.365167E-01
 -0.338504E-02 -0.571943E-01  0.226311E-01
  0.317859E-01  0.334270E-02  0.402096E-02
 -0.408516E-01  0.178432E-01 -0.192777E-01
  0.852986E-02  0.579790E-02 -0.415369E-01
  0.257833E-01  0.194081E-01  0.548493E-02
  0.172868E-01  0.955980E-02  0.195104E-01
  0.184156E-01 -0.965652E-02  0.427537E-01
  0.216357E-03 -0.114692E-01 -0.352641E-01
 -0.617679E-02  0.267226E-01 -0.383497E-02
 -0.332613E-01  0.577693E-02  0.383014E-02
 -0.106170E-01 -0.135320E-01 -0.121787E-01
  0.142721E-01 -0.147244E-01 -0.156509E-01
 -0.248288E-01  0.190115E-01  0.687336E-02
 -0.266331E-01  0.174810E-01  0.188777E-01
  0.309782E-02 -0.105466E-01 -0.231222E-01
 -0.312354E-01 -0.214933E-01  0.340295E-02
 -0.156169E-02  0.258410E-01  0.173921E-01
 -0.109040E-01 -0.201342E-01 -0.124170E-01
  0.240805E-01 -0.476142E-02 -0.912466E-02
 -0.128006E-01 -0.546952E-01  0.258463E-01
  0.175087E-02  0.260376E-01 -0.148151E-01
  0.243435E-01  0.375047E-02  0.321751E-01
  0.801580E-03  0.110309E-01 -0.354216E-01
 -0.210221E-01  0.543803E-02 -0.278672E-01
 -0.546156E-02 -0.450649E-02  0.118237E-01
 -0.375434E-01  0.260023E-01 -0.217839E-01
  0.115905E-01  0.208530E-01  0.546315E-02
  0.242990E-02 -0.466745E-02  0.199020E-01
 -0.858358E-02  0.223376E-01  0.122908E-01
 -0.397132E-02 -0.141691E-01  0.971248E-03
 -0.162532E-01 -0.322913E-01 -0.490364E-02
 -0.185417E-01  0.224987E-01 -0.101558E-01
 -0.190577E-01  0.214707E-01 -0.551543E-02
 -0.842875E-02  0.442102E-02  0.308636E-01
  0.915615E-03 -0.129628E-01 -0.871373E-02
 -0.385940E-02  0.161229E-01  0.705199E-02
 -0.307631E-01  0.105145E-01 -0.295389E-01
 -0.515443E-02  0.285013E-02 -0.339985E-01
 -0.153711E-01  0.167433E-02  0.186571E-01
 -0.529047E-02  0.202551E-01  0.354222E-01
  0.240268E-01 -0.377302E-01 -0.263404E-01
 -0.100824E-02  0.278028E-02 -0.138446E-01
  0.350610E-01  0.246891E-01 -0.322167E-01
  0.109674E-01 -0.219571E-01  0.176092E-01
 -0.363233E-02  0.125157E-01  0.216459E-01
 -0.815605E-02 -0.434954E-02  0.974700E-02
 -0.354804E-02 -0.684884E-02  0.183800E-01
  0.414133E-02 -0.896733E-02  0.261119E-01
 -0.488590E-03  0.179683E-01  0.190075E-02
  0.864247E-02 -0.973218E-02  0.238669E-01
  0.685133E-03 -0.175799E-01  0.153156E-01
 -0.214511E-01 -0.900136E-02  0.774765E-02
  0.100842E-01 -0.839715E-02 -0.142662E-01
 -0.137434E-01  0.289438E-01  0.168459E-01
 -0.106507E-01 -0.275982E-02 -0.853378E-02
 -0.246631E-02 -0.111899E-01 -0.107572E-03
  0.140605E-01  0.249549E-01  0.634525E-03
  0.719388E-02  0.156632E-01 -0.226618E-03
 -0.167347E-02  0.862155E-02  0.244079E-01
  0.194133E-01 -0.220379E-01  0.196427E-01
 -0.166952E-02  0.518194E-02  0.155067E-01
  0.241244E-02 -0.238454E-01 -0.168895E-01
 -0.305749E-02  0.100301E-02 -0.734648E-02
  0.107988E-01  0.275581E-01 -0.315054E-01
 -0.642981E-02 -0.347088E-01  0.109819E-01
  0.281217E-01  0.203351E-01  0.221190E-01
  0.833753E-02  0.202001E-01 -0.357396E-02
  0.802523E-02  0.388542E-02 -0.891181E-02
 -0.264365E-01 -0.272342E-01 -0.907680E-02
  0.236364E-01 -0.387456E-04 -0.761799E-02
 -0.587122E-02  0.236866E-02 -0.105651E-01
  0.206044E-01  0.250622E-01 -0.417741E-02
  0.897053E-02  0.119121E-01  0.479262E-02
  0.111539E-01 -0.205434E-01 -0.176246E-01
 -0.490084E-02  0.112638E-01 -0.156123E-01
 -0.240883E-01  0.405742E-02  0.205497E-01
  0.146851E-01 -0.113659E-01  0.659151E-02
 -0.605505E-02 -0.818068E-02  0.105415E-01
 -0.179903E-01 -0.839586E-02  0.659136E-02
 -0.209131E-01  0.149277E-01 -0.289410E-01
 -0.198976E-01 -0.170487E-01 -0.396118E-02
  0.897850E-02 -0.915565E-02 -0.333253E-02
 -0.129394E-01  0.163219E-01 -0.112657E-01
 -0.114623E-01  0.533937E-02  0.188816E-01
 -0.246603E-01 -0.208347E-01  0.138344E-01
  0.156546E-01  0.111222E-01  0.845164E-02
  0.151054E-03 -0.197225E-02  0.134713E-01
  0.196543E-01  0.459712E-01 -0.386930E-01
  0.812483E-03  0.135975E-01  0.533859E-02
  0.149029E-01 -0.214118E-01 -0.119415E-01
 -0.185257E-02 -0.956641E-02  0.136970E-01
 -0.277417E-02 -0.214113E-03 -0.102820E-01
 -0.277556E-01  0.192689E-01  0.386171E-01
  0.225212E-01 -0.113953E-01  0.176075E-01
 -0.449852E-02  0.500315E-02  0.186347E-01
  0.662541E-03 -0.194564E-01  0.496891E-02
 -0.118956E-01  0.748867E-02 -0.165624E-02
  0.214404E-01 -0.653974E-02 -0.238245E-02
 -0.491805E-02 -0.361261E-03 -0.988656E-02
  0.336838E-01 -0.191965E-01  0.388556E-02
  0.321989E-01  0.988858E-02 -0.138717E-01
 -0.509722E-02  0.882436E-02 -0.147927E-01
