 -0.166817E-01  0.680707E-02  0.167142E-01
  0.251366E-01 -0.656832E-02 -0.379076E-02
  0.135801E-01 -0.121093E-02 -0.994669E-02
  0.329655E-02 -0.173258E-01  0.227378E-01
  0.445010E-02 -0.335000E-01 -0.138613E-01
  0.288288E-01 -0.352874E-02 -0.116088E-01
  0.147859E-01  0.379776E-01 -0.128461E-01
  0.222182E-01 -0.104196E-01 -0.694607E-02
  0.584084E-02 -0.789996E-02  0.683249E-02
 -0.808698E-02 -0.546125E-02 -0.348102E-02
 -0.725055E-02  0.755189E-02 -0.102534E-01
  0.232399E-01 -0.147796E-02  0.790170E-02
 -0.767053E-02 -0.535981E-02  0.156860E-01
 -0.228828E-01 -0.230412E-01  0.126575E-01
  0.187708E-01  0.712249E-02 -0.133707E-01
 -0.142271E-02 -0.695587E-02  0.380452E-02
 -0.406167E-02 -0.222183E-01 -0.467467E-02
 -0.246696E-01 -0.899333E-02  0.327136E-02
 -0.965480E-03  0.561227E-01 -0.477235E-01
  0.731071E-02  0.843373E-02  0.153857E-01
 -0.493316E-01  0.204315E-01  0.384300E-01
  0.120079E-01 -0.242211E-01 -0.813957E-02
  0.271665E-01 -0.754880E-02  0.134044E-01
 -0.574404E-02 -0.107658E-01 -0.265943E-02
  0.502481E-02 -0.172858E-01  0.333282E-03
  0.215298E-01 -0.217282E-01 -0.278833E-01
  0.189319E-01 -0.107869E-01  0.239990E-01
  0.767218E-02  0.121996E-01 -0.233020E-01
  0.137606E-01  0.873161E-02 -0.213566E-02
 -0.158958E-01 -0.355889E-01  0.313366E-01
  0.155710E-01  0.161681E-01 -0.198430E-01
  0.171104E-01  0.186959E-02  0.931742E-02
  0.164256E-01  0.479708E-01 -0.329743E-02
  0.457014E-04 -0.980461E-02  0.138831E-01
 -0.273526E-01 -0.739040E-02  0.358045E-02
  0.231991E-01 -0.301804E-01 -0.274199E-01
 -0.285689E-01 -0.206685E-01  0.411441E-02
 -0.375221E-01 -0.331100E-01 -0.107807E-01
  0.408257E-01  0.945987E-02 -0.183689E-01
 -0.125980E-01  0.338464E-01 -0.518412E-01
 -0.241967E-01  0.256070E-01  0.441961E-01
  0.159279E-01  0.514113E-02  0.191524E-01
 -0.406877E-01 -0.357449E-01 -0.159399E-02
  0.160051E-01  0.212845E-01  0.281399E-01
 -0.334836E-01  0.512416E-01 -0.408161E-01
  0.105638E-01 -0.660930E-02 -0.468383E-01
  0.151617E-01  0.184131E-01  0.184341E-01
 -0.212052E-01 -0.161991E-01  0.312062E-01
  0.941986E-02  0.684428E-02  0.120233E-01
  0.143572E-01  0.298368E-01 -0.626407E-01
 -0.453684E-01  0.346870E-01  0.182111E-01
  0.365059E-01 -0.106430E-01  0.673174E-02
 -0.533463E-02 -0.386439E-01 -0.961005E-02
  0.221694E-01 -0.349609E-01  0.272345E-01
 -0.695411E-03  0.242638E-02 -0.469648E-02
  0.258265E-01  0.728825E-02  0.147861E-01
 -0.507388E-02 -0.174498E-02  0.122426E-01
 -0.598011E-02 -0.556895E-02 -0.937455E-02
 -0.190992E-02  0.788266E-04  0.336081E-01
 -0.250259E-01  0.239425E-01 -0.124430E-01
  0.909721E-02  0.144009E-01  0.140103E-02
  0.112395E-01  0.927388E-02  0.947677E-02
  0.142679E-01  0.139148E-01 -0.682722E-02
 -0.593266E-02 -0.916460E-02 -0.167738E-02
  0.289731E-01 -0.631788E-02 -0.784713E-02
 -0.262918E-02  0.828822E-02  0.166827E-01
 -0.236644E-01  0.337314E-01  0.326382E-01
 -0.794016E-02 -0.129165E-01 -0.473067E-01
  0.351859E-02 -0.330829E-02 -0.163947E-01
  0.125303E-01  0.192036E-01  0.735457E-01
 -0.141591E-01 -0.589431E-03  0.143510E-02
 -0.203923E-02 -0.280714E-02 -0.254708E-01
 -0.105631E-03  0.737496E-02  0.194095E-01
 -0.172235E-01  0.246146E-02  0.106269E-01
 -0.221043E-02  0.105749E-01 -0.887294E-02
 -0.112277E-01 -0.858938E-02 -0.103219E-01
  0.645038E-02  0.965294E-02 -0.335869E-02
  0.141449E-02 -0.201128E-02  0.352425E-01
 -0.152782E-01  0.168933E-01 -0.564512E-02
 -0.121510E-01  0.108230E-01 -0.854475E-02
  0.158764E-01 -0.611745E-02  0.455139E-01
  0.691857E-02 -0.221249E-01 -0.470784E-03
  0.516683E-02 -0.826427E-02  0.670874E-02
 -0.216356E-01  0.118215E-01  0.157359E-01
 -0.546914E-02  0.156798E-02 -0.324681E-03
 -0.648415E-02  0.698316E-03  0.468252E-02
  0.728036E-02 -0.120577E-01  0.748378E-02
 -0.158262E-02  0.104572E-01 -0.160167E-02
  0.355523E-03 -0.285613E-01  0.136095E-03
 -0.116744E-01 -0.210855E-01 -0.160241E-01
  0.168117E-01  0.470753E-02 -0.123440E-01
 -0.780147E-02 -0.204071E-01 -0.139512E-01
 -0.126317E-02 -0.304352E-02  0.851794E-02
  0.143994E-02  0.309310E-01  0.557704E-02
  0.513772E-02  0.673307E-02 -0.998047E-02
  0.116980E-01 -0.427101E-02 -0.878000E-02
 -0.110259E-01 -0.227243E-01  0.333972E-02
 -0.478582E-01  0.531955E-02 -0.123437E-01
  0.832555E-02 -0.485133E-01  0.126361E-02
  0.148115E-01 -0.130719E-01  0.144831E-01
  0.151211E-01  0.269339E-01 -0.265358E-01
 -0.574421E-02 -0.291488E-01 -0.897720E-02
 -0.259390E-01  0.275720E-01  0.109436E-03
 -0.177115E-01 -0.499523E-02 -0.598509E-02
  0.257977E-01  0.602265E-02 -0.299149E-01
 -0.159115E-01 -0.174356E-01  0.706264E-02
  0.365444E-01 -0.207390E-01  0.521336E-01
 -0.809245E-02  0.136919E-01  0.105548E-01
  0.643809E-02 -0.132715E-02 -0.272915E-02
 -0.239981E-02 -0.573337E-02  0.784526E-02
  0.561356E-01  0.206597E-01 -0.271831E-01
 -0.554477E-02 -0.213500E-01  0.151168E-01
  0.194731E-01  0.213083E-01  0.195126E-02
  0.512865E-02 -0.254453E-01 -0.359671E-03
 -0.115013E-01  0.229227E-01 -0.707653E-02
  0.118087E-01 -0.700468E-02 -0.488508E-02
 -0.296089E-01  0.118005E-01 -0.279659E-01
 -0.119523E-01 -0.190841E-02  0.237110E-01
 -0.333976E-01 -0.188723E-01 -0.896445E-02
 -0.402161E-01  0.749068E-02 -0.171673E-02
  0.263042E-01  0.885841E-02 -0.708227E-02
 -0.132803E-01  0.608973E-02 -0.108638E-01
 -0.769983E-02 -0.488207E-02 -0.894050E-02
  0.571123E-02 -0.134071E-01  0.757962E-02
  0.127772E-01 -0.782711E-02  0.116494E-02
 -0.197677E-01 -0.520000E-02  0.270739E-02
  0.156047E-01  0.591466E-02  0.791835E-02
  0.384830E-01  0.135593E-01 -0.249723E-01
 -0.127410E-01  0.104844E-01 -0.169765E-01
 -0.257588E-01 -0.830110E-02 -0.127955E-02
 -0.159109E-01 -0.191509E-01  0.251212E-02
  0.174728E-01  0.224350E-01 -0.131021E-02
 -0.272259E-01 -0.182839E-01  0.188056E-01
 -0.266616E-01  0.343180E-01 -0.235185E-01
  0.393067E-01  0.297388E-01  0.508330E-02
