 -0.754201E-02 -0.174553E-01  0.245241E-01
 -0.214194E-01  0.683912E-02  0.592074E-02
 -0.225066E-01 -0.192435E-01 -0.377432E-01
  0.345350E-02  0.301419E-01  0.920095E-03
  0.938275E-02 -0.349956E-02 -0.193130E-01
  0.129530E-01 -0.540740E-02 -0.278417E-02
  0.224341E-01  0.216563E-02 -0.205285E-01
  0.130695E-01  0.146405E-01  0.144556E-01
  0.132844E-01 -0.119251E-02  0.155295E-01
 -0.272106E-01 -0.261924E-02  0.144082E-01
  0.342286E-01  0.733220E-02 -0.311288E-01
 -0.158168E-02 -0.115253E-01  0.122253E-01
 -0.503669E-02 -0.460716E-02  0.462598E-02
 -0.445614E-02  0.377120E-01  0.535688E-02
 -0.672150E-02 -0.991982E-02  0.283771E-01
 -0.567683E-02 -0.184676E-01  0.172970E-03
  0.150875E-01  0.213881E-02 -0.141507E-02
 -0.128043E-01  0.238760E-02  0.102520E-01
  0.156190E-02  0.222972E-01 -0.501381E-02
  0.262876E-01 -0.190559E-01  0.163034E-01
  0.864061E-02 -0.120136E-01  0.190532E-02
 -0.766585E-02 -0.181947E-01 -0.868333E-02
  0.643302E-02  0.213972E-01  0.108284E-01
  0.535010E-02 -0.128984E-01  0.455722E-02
  0.153060E-01 -0.124350E-01  0.545929E-02
  0.218929E-01 -0.168724E-01  0.227596E-01
  0.117054E-01 -0.130316E-01 -0.470248E-02
  0.213438E-01  0.123999E-01  0.835068E-03
 -0.320328E-02  0.102842E-02 -0.142679E-03
  0.305118E-01  0.430447E-01  0.117213E-01
  0.625172E-02  0.263695E-01  0.511197E-02
  0.680010E-02 -0.525914E-02  0.207439E-01
  0.432173E-02 -0.543243E-02  0.457799E-03
  0.713401E-02 -0.119559E-01 -0.238864E-01
 -0.209673E-01  0.160555E-01 -0.989183E-02
  0.269148E-03 -0.336832E-01 -0.158706E-01
 -0.196945E-02 -0.567849E-02 -0.613378E-01
 -0.530609E-02  0.128999E-01  0.616023E-01
  0.402737E-01  0.149236E-01  0.148329E-01
 -0.152385E-01  0.148845E-01  0.657720E-02
 -0.106125E-01  0.302068E-01  0.178860E-02
  0.141938E-01  0.200465E-01 -0.136163E-01
 -0.362685E-01 -0.207354E-01  0.195889E-01
  0.111490E-02 -0.314755E-01  0.245985E-01
 -0.973067E-02 -0.104104E-01 -0.341926E-01
  0.642541E-02 -0.100594      0.291045E-01
 -0.214055E-02 -0.146792E-01  0.112539E-01
 -0.679447E-01  0.241100E-01 -0.266808E-01
 -0.133377E-01 -0.118408E-01 -0.441828E-01
 -0.364983E-01  0.375542E-02  0.244760E-01
 -0.666595E-01 -0.298064E-01  0.314446E-02
  0.281962E-01  0.133511E-01  0.831028E-04
 -0.534361E-02  0.398078E-01  0.654009E-02
  0.215531E-01 -0.112175E-01  0.930094E-03
  0.144463E-01  0.284872E-02 -0.867786E-02
 -0.188344E-01  0.388785E-03 -0.784945E-02
  0.920182E-02  0.720128E-02  0.113303E-01
 -0.679833E-02  0.229201E-01  0.275152E-01
  0.615758E-02 -0.157632E-01 -0.158339E-01
 -0.618681E-02 -0.174206E-01 -0.185946E-01
  0.236760E-02  0.191014E-01  0.972622E-03
 -0.122250E-01 -0.384272E-03 -0.686068E-02
 -0.882038E-02 -0.615167E-02 -0.149597E-01
 -0.845832E-02 -0.923562E-02 -0.265756E-01
 -0.765267E-03  0.232450E-03 -0.525662E-01
 -0.191466E-01  0.117266E-01  0.217768E-02
  0.137273E-02 -0.231739E-02  0.536469E-02
 -0.786948E-02 -0.153371E-01 -0.156345E-01
  0.878491E-02 -0.243943E-01 -0.136090E-01
  0.133272E-01 -0.211903E-01  0.183655E-01
  0.970854E-02  0.311002E-01 -0.641845E-01
  0.140525E-01  0.369483E-01  0.155799E-01
  0.885969E-02 -0.626341E-02 -0.293671E-01
 -0.706268E-02 -0.954480E-02  0.106253E-01
  0.132087E-01 -0.120650E-01 -0.386131E-01
  0.152293E-01  0.642368E-03  0.450952E-02
 -0.639471E-02  0.294936E-02  0.846336E-02
  0.485521E-02 -0.129539E-01 -0.281183E-01
 -0.177148E-01  0.255819E-01  0.116214E-01
 -0.226262E-02  0.280921E-02 -0.622242E-02
 -0.631622E-02 -0.691447E-03 -0.103472E-01
 -0.291406E-02 -0.185241E-01  0.881784E-02
 -0.146712E-01 -0.187680E-01  0.286134E-01
 -0.153689E-01  0.229188E-01 -0.652299E-02
 -0.209466E-02  0.242377E-02  0.220194E-01
  0.106934E-01 -0.680028E-02  0.125389E-02
 -0.322272E-02 -0.452559E-01 -0.126799E-01
  0.829968E-02 -0.428948E-02 -0.281332E-02
 -0.154415E-01  0.179250E-01  0.355821E-02
 -0.732123E-02  0.418900E-01  0.128577E-01
 -0.338669E-01 -0.240547E-01 -0.954858E-02
  0.128875E-01 -0.215083E-01 -0.990184E-02
  0.126891E-01 -0.143108E-02 -0.186084E-01
 -0.601019E-02  0.186817E-01  0.324283E-03
 -0.163577E-01  0.235756E-01  0.285569E-02
 -0.676922E-02  0.756434E-02 -0.716477E-02
 -0.324255E-01  0.121596E-01  0.309587E-02
 -0.220219E-01 -0.128098E-01  0.367095E-01
 -0.118887E-01 -0.113819E-01  0.326859E-01
 -0.148940E-01 -0.488672E-01 -0.423555E-02
  0.796717E-02 -0.440685E-02 -0.467015E-03
  0.118376E-01 -0.982859E-02 -0.824686E-02
  0.150483E-01  0.109773      0.139976E-02
 -0.256795E-01  0.335150E-02  0.236086E-01
  0.136067E-01 -0.153301E-01  0.562515E-02
 -0.113372E-01 -0.901982E-02  0.422809E-01
  0.146324E-01 -0.178260E-01 -0.822127E-02
  0.533624E-02  0.146522E-01 -0.121267E-01
 -0.546081E-02  0.136477E-01  0.487952E-02
 -0.320802E-01 -0.232032E-02  0.118580E-01
  0.725298E-01  0.458998E-02 -0.194262E-02
  0.287150E-02  0.794207E-03  0.190991E-02
 -0.466979E-02  0.175633E-01  0.357800E-02
  0.382753E-01  0.628272E-02  0.142759E-01
  0.190140E-01 -0.459272E-02  0.120147E-02
  0.102765E-01 -0.460224E-02  0.396183E-02
  0.663666E-02 -0.136020E-01  0.228344E-01
  0.276141E-01 -0.562219E-02  0.240952E-02
  0.870073E-02  0.140593E-01 -0.178612E-01
 -0.253552E-01  0.141450E-01 -0.460999E-02
  0.205993E-02 -0.220535E-01  0.594555E-02
 -0.129806E-01  0.822974E-02 -0.234666E-01
  0.157384E-01 -0.350409E-01  0.288309E-01
  0.304392E-02 -0.127672E-01  0.226166E-03
 -0.522962E-01  0.719480E-02  0.720684E-02
 -0.579628E-02  0.550008E-02  0.442600E-02
  0.636308E-02  0.321809E-01  0.257465E-01
  0.120748E-01 -0.127694E-01  0.117194E-01
 -0.807605E-02 -0.251455E-01  0.133034E-01
  0.383800E-02 -0.554397E-03 -0.188060E-01
 -0.189670E-02 -0.207302E-01 -0.112790E-01
 -0.247607E-01  0.132260E-01  0.246495E-02
  0.141609E-02  0.424471E-01 -0.348168E-01
  0.528596E-01  0.223297E-01 -0.214404E-02
  0.350126E-01  0.133296E-01 -0.163905E-01
