  0.101773E-01 -0.247221E-01 -0.146681E-01
 -0.814269E-02 -0.256848E-02 -0.274995E-01
 -0.378374E-02  0.467709E-02  0.807083E-02
 -0.765351E-02 -0.119674E-01 -0.356965E-02
  0.136169E-01 -0.128806E-01  0.166604E-01
  0.383736E-02 -0.368052E-01  0.176442E-01
  0.753815E-02  0.252933E-01  0.340063E-01
  0.301759E-01  0.272766E-01 -0.647977E-02
  0.159832E-01  0.294937E-01 -0.559639E-02
 -0.117614E-01  0.197748E-01  0.164856E-01
 -0.190513E-01  0.384236E-02  0.996868E-02
  0.394738E-01 -0.148657E-01 -0.444310E-02
  0.137721E-01  0.443217E-03  0.752736E-03
  0.147969E-01 -0.240663E-01  0.370845E-01
 -0.549698E-02 -0.167389E-01 -0.138507E-01
  0.120534E-01 -0.985454E-02  0.444882E-02
  0.128073E-02  0.100304E-01  0.193271E-01
 -0.787274E-02 -0.199367E-01 -0.339802E-01
 -0.542050E-02  0.110076E-01 -0.821171E-02
  0.567546E-02 -0.624371E-02 -0.230008E-01
  0.258242E-01 -0.857370E-03  0.549929E-02
 -0.388744E-01 -0.205403E-01  0.189991E-01
 -0.398441E-01  0.116706E-01 -0.146522E-01
  0.187199E-01 -0.140976E-02 -0.119879E-01
  0.155188E-01 -0.688210E-02 -0.767558E-02
 -0.264799E-01  0.157922E-02  0.696030E-02
  0.141523E-01 -0.212543E-02 -0.132829E-01
  0.204385E-01  0.863399E-02  0.151181E-01
  0.781551E-03  0.279008E-01  0.190063E-01
 -0.339600E-01 -0.263770E-03 -0.510213E-01
 -0.117137E-01  0.960990E-02  0.144849E-02
  0.534839E-02 -0.189066E-01 -0.161529E-01
  0.505773E-01 -0.391627E-01 -0.379806E-01
 -0.146369E-02 -0.584777E-01  0.233715E-01
  0.350274E-01  0.380992E-02  0.397381E-02
 -0.399665E-01  0.200354E-01 -0.198035E-01
  0.554321E-02  0.690128E-02 -0.404957E-01
  0.242017E-01  0.182486E-01  0.624629E-02
  0.163684E-01  0.129783E-01  0.204277E-01
  0.176805E-01 -0.105208E-01  0.418607E-01
 -0.254305E-02 -0.109110E-01 -0.355512E-01
 -0.732427E-02  0.249703E-01 -0.511297E-02
 -0.357393E-01  0.572249E-02  0.633249E-02
 -0.138775E-01 -0.139751E-01 -0.141568E-01
  0.110971E-01 -0.154463E-01 -0.173981E-01
 -0.257936E-01  0.174958E-01  0.719499E-02
 -0.261692E-01  0.172045E-01  0.223295E-01
  0.353203E-02 -0.955615E-02 -0.266233E-01
 -0.324359E-01 -0.213259E-01  0.236012E-02
 -0.161894E-02  0.249561E-01  0.175002E-01
 -0.125753E-01 -0.226232E-01 -0.125340E-01
  0.243413E-01 -0.766721E-02 -0.100758E-01
 -0.137804E-01 -0.520287E-01  0.264399E-01
  0.585332E-03  0.274806E-01 -0.162588E-01
  0.226386E-01  0.306678E-02  0.408832E-01
  0.365814E-03  0.108257E-01 -0.403182E-01
 -0.212140E-01  0.505835E-02 -0.285262E-01
 -0.558922E-02 -0.443359E-02  0.147027E-01
 -0.381864E-01  0.260083E-01 -0.233707E-01
  0.109132E-01  0.213219E-01  0.547136E-02
  0.207122E-02 -0.468436E-02  0.199142E-01
 -0.926628E-02  0.224714E-01  0.112211E-01
 -0.444983E-02 -0.144528E-01  0.180970E-02
 -0.157828E-01 -0.323240E-01 -0.551215E-02
 -0.180850E-01  0.224684E-01 -0.101629E-01
 -0.185090E-01  0.211255E-01 -0.741623E-02
 -0.770460E-02  0.507102E-02  0.320365E-01
  0.119470E-02 -0.128596E-01 -0.829841E-02
 -0.334000E-02  0.164624E-01  0.778059E-02
 -0.304437E-01  0.104297E-01 -0.316251E-01
 -0.461531E-02  0.274908E-02 -0.370117E-01
 -0.141491E-01  0.104929E-02  0.245709E-01
 -0.491546E-02  0.193699E-01  0.418919E-01
  0.246493E-01 -0.384957E-01 -0.314638E-01
 -0.942605E-03  0.261022E-02 -0.161498E-01
  0.352784E-01  0.251579E-01 -0.315584E-01
  0.111843E-01 -0.220998E-01  0.194554E-01
 -0.376105E-02  0.130811E-01  0.212537E-01
 -0.843140E-02 -0.464964E-02  0.114996E-01
 -0.330963E-02 -0.666157E-02  0.181583E-01
  0.442260E-02 -0.952347E-02  0.277148E-01
 -0.104340E-02  0.207697E-01  0.237742E-02
  0.757539E-02 -0.111898E-01  0.229407E-01
  0.233835E-03 -0.222306E-01  0.155679E-01
 -0.220534E-01 -0.999906E-02  0.825758E-02
  0.941996E-02 -0.683813E-02 -0.146912E-01
 -0.135842E-01  0.336403E-01  0.167184E-01
 -0.112133E-01 -0.249976E-02 -0.850792E-02
 -0.317122E-02 -0.105183E-01 -0.347678E-03
  0.137323E-01  0.278914E-01  0.354928E-03
  0.751348E-02  0.128707E-01 -0.362748E-03
 -0.124419E-02  0.115990E-01  0.233796E-01
  0.197740E-01 -0.271353E-01  0.204252E-01
 -0.147457E-02  0.489172E-02  0.155575E-01
  0.277216E-02 -0.232411E-01 -0.170558E-01
 -0.267941E-02  0.153688E-02 -0.719651E-02
  0.111640E-01  0.293464E-01 -0.316498E-01
 -0.600167E-02 -0.365484E-01  0.109457E-01
  0.288647E-01  0.239820E-01  0.228409E-01
  0.959202E-02  0.252086E-01 -0.346356E-02
  0.826903E-02 -0.756154E-03 -0.957508E-02
 -0.263920E-01 -0.324080E-01 -0.848458E-02
  0.240966E-01 -0.285238E-02 -0.763803E-02
 -0.588598E-02  0.585267E-02 -0.112256E-01
  0.203998E-01  0.295104E-01 -0.392025E-02
  0.926916E-02  0.155355E-01  0.474010E-02
  0.115546E-01 -0.220528E-01 -0.179177E-01
 -0.505513E-02  0.127430E-01 -0.156584E-01
 -0.284458E-01  0.376479E-02  0.217888E-01
  0.135296E-01 -0.114273E-01  0.590130E-02
 -0.896074E-02 -0.810943E-02  0.103350E-01
 -0.184838E-01 -0.823896E-02  0.681577E-02
 -0.243587E-01  0.153131E-01 -0.294636E-01
 -0.234240E-01 -0.167852E-01 -0.394232E-02
  0.566221E-02 -0.924986E-02 -0.333147E-02
 -0.166456E-01  0.165219E-01 -0.116988E-01
 -0.141488E-01  0.503185E-02  0.191434E-01
 -0.292886E-01 -0.214083E-01  0.141683E-01
  0.166792E-01  0.109147E-01  0.771788E-02
  0.121671E-02 -0.225768E-02  0.134784E-01
  0.171725E-01  0.461996E-01 -0.387441E-01
  0.420900E-03  0.137496E-01  0.510837E-02
  0.149369E-01 -0.206431E-01 -0.116675E-01
 -0.206580E-02 -0.969715E-02  0.135799E-01
 -0.545632E-02 -0.441248E-03 -0.104697E-01
 -0.251350E-01  0.189589E-01  0.397061E-01
  0.295229E-01 -0.114935E-01  0.175420E-01
 -0.254764E-02  0.496737E-02  0.181306E-01
  0.865822E-03 -0.194654E-01  0.514676E-02
 -0.908927E-02  0.776533E-02 -0.155335E-02
  0.258859E-01 -0.667086E-02 -0.280316E-02
 -0.153093E-02  0.175234E-03 -0.995178E-02
  0.373888E-01 -0.190182E-01  0.345396E-02
  0.387874E-01  0.981307E-02 -0.143630E-01
 -0.171968E-02  0.877290E-02 -0.148437E-01
