  0.367894E-02 -0.136166E-02  0.762076E-02
 -0.204468E-01  0.392112E-02  0.479413E-02
  0.262662E-02 -0.113295E-01 -0.433652E-02
  0.499567E-02 -0.257415E-03  0.328597E-02
 -0.127806E-01  0.440476E-02 -0.622379E-02
  0.217646E-02  0.809557E-03 -0.141974E-01
 -0.409487E-02 -0.120252E-02 -0.929901E-02
  0.726142E-02 -0.295945E-04 -0.444509E-02
  0.285777E-02  0.346801E-02 -0.409117E-02
 -0.243328E-02 -0.375589E-02 -0.417977E-02
  0.132249E-02  0.221369E-02 -0.748768E-02
  0.148157E-02 -0.406025E-02 -0.391794E-02
  0.127633E-01 -0.527085E-02  0.191119E-02
 -0.230074E-02 -0.192993E-02 -0.444361E-03
 -0.583963E-02 -0.637358E-03  0.419224E-03
 -0.921378E-03  0.218462E-01 -0.807100E-02
 -0.539481E-02  0.148812E-02 -0.785659E-03
  0.598281E-02  0.125860E-02 -0.433948E-02
 -0.102035E-01  0.612691E-02 -0.389102E-02
  0.116147E-01  0.111765E-01 -0.400239E-02
 -0.503986E-02 -0.418675E-02 -0.799274E-02
 -0.643017E-02 -0.773465E-02 -0.310710E-02
  0.560748E-02 -0.108615E-01 -0.177927E-01
  0.251306E-02 -0.769060E-03 -0.677214E-02
 -0.833033E-02 -0.165357E-02  0.706301E-02
 -0.401565E-02  0.139627E-02 -0.768881E-02
  0.487413E-02  0.919881E-03  0.816705E-02
  0.973210E-02  0.311777E-01  0.205249E-01
  0.166771E-01  0.164766E-01 -0.991170E-02
  0.105746E-01 -0.555477E-02 -0.736730E-02
 -0.122095E-01 -0.200602E-01  0.639079E-02
  0.152920E-01  0.532944E-03  0.258245E-01
 -0.313609E-02 -0.638419E-02 -0.196371E-01
  0.576620E-02 -0.173334E-01 -0.744140E-02
 -0.335149E-02 -0.783915E-02 -0.371981E-02
  0.345835E-03  0.156626E-01  0.105759E-01
 -0.853181E-02  0.152317E-02 -0.961922E-02
 -0.111804E-01 -0.493611E-02 -0.551752E-02
 -0.872565E-02  0.746776E-02  0.226459E-01
  0.496493E-02 -0.967424E-02  0.101287E-01
 -0.282316E-01 -0.163223E-02 -0.123368E-01
  0.890479E-02 -0.177146E-01  0.703954E-02
 -0.849844E-02  0.820992E-03 -0.852314E-02
 -0.770323E-02 -0.303447E-02  0.169307E-01
 -0.201576E-03  0.111744E-01 -0.447399E-02
 -0.112698E-01 -0.550629E-02  0.157062E-01
  0.578094E-02  0.618266E-02 -0.124133E-01
 -0.388908E-04  0.104896E-01  0.828926E-02
  0.182524E-02 -0.204821E-02 -0.781090E-02
  0.108616E-01 -0.889123E-02 -0.330481E-02
 -0.343459E-02  0.131123E-02  0.215642E-01
  0.113504E-01  0.633688E-02 -0.194402E-03
  0.167161E-01  0.117846E-01  0.123343E-01
  0.691394E-02 -0.120763E-01 -0.108466E-01
 -0.117726E-01  0.115860E-02 -0.688866E-04
  0.347729E-02 -0.942062E-02 -0.358803E-02
 -0.102021E-01  0.159787E-02  0.181110E-01
 -0.225217E-01 -0.277655E-02  0.204028E-01
  0.424981E-02  0.962649E-02 -0.518797E-02
  0.143261E-02 -0.172085E-02 -0.129848E-02
 -0.155766E-01 -0.792194E-02  0.571928E-02
 -0.135658E-01  0.139689E-02 -0.206380E-01
  0.108931E-03 -0.561014E-02 -0.583071E-02
  0.952871E-02  0.998157E-02  0.876271E-02
  0.477877E-02  0.442122E-02  0.725235E-02
 -0.102606E-02  0.357977E-02 -0.979465E-02
  0.288801E-02  0.986921E-02  0.131941E-01
  0.117286E-01 -0.399089E-02 -0.762968E-02
 -0.995048E-02  0.312313E-02 -0.787110E-02
 -0.369284E-02 -0.598245E-02  0.260965E-03
 -0.214991E-02  0.814461E-04  0.253869E-02
 -0.127177E-01  0.676873E-02 -0.604313E-02
  0.775281E-02 -0.616857E-03  0.330192E-02
 -0.164392E-02  0.700096E-03 -0.101229E-01
 -0.497861E-02  0.343339E-02  0.954972E-02
  0.116145E-01  0.117628E-02  0.340224E-02
 -0.458317E-02  0.152440E-02 -0.277906E-02
  0.341946E-02 -0.438687E-03 -0.703800E-02
 -0.176111E-03 -0.543546E-02 -0.102988E-02
 -0.619325E-02  0.491884E-02  0.424320E-02
 -0.285423E-02  0.561590E-02  0.320651E-02
 -0.375896E-02 -0.118252E-01  0.459132E-02
  0.190367E-02 -0.478922E-02 -0.318715E-03
 -0.184334E-01 -0.358786E-03  0.259452E-02
  0.909123E-02  0.817987E-02 -0.116363E-01
 -0.628952E-04 -0.965437E-03 -0.126043E-01
  0.348788E-02 -0.107916E-01  0.770709E-02
  0.606813E-02  0.453945E-02  0.507269E-02
 -0.270719E-02  0.102728E-01  0.726481E-02
  0.414068E-02  0.159902E-01  0.230620E-02
  0.731955E-02  0.747450E-03  0.719411E-02
 -0.137917E-01  0.973444E-02  0.614508E-02
 -0.375521E-02 -0.819113E-03 -0.759574E-02
 -0.246476E-02 -0.949141E-03  0.337793E-02
  0.742961E-02 -0.207908E-02 -0.928926E-03
 -0.104373E-01 -0.803696E-02 -0.717741E-02
 -0.138155E-02  0.584437E-02 -0.531074E-02
  0.627687E-02 -0.278524E-02  0.307742E-02
 -0.262893E-02  0.676833E-03  0.647490E-02
  0.741674E-03 -0.229636E-02  0.342448E-02
 -0.121654E-01 -0.144525E-02  0.682496E-03
 -0.156105E-02 -0.295853E-02  0.846152E-03
  0.393761E-02 -0.296287E-02  0.608194E-02
 -0.180158E-02  0.531626E-02 -0.630010E-03
  0.997324E-02 -0.160079E-01 -0.696081E-02
  0.914057E-02  0.109203E-01  0.712452E-02
 -0.113650E-01  0.136230E-01 -0.509017E-02
  0.102620E-02  0.633496E-03 -0.135221E-02
 -0.162992E-01 -0.174576E-01 -0.355740E-02
 -0.386855E-02 -0.358369E-02 -0.236289E-02
 -0.318360E-03  0.102105E-01  0.819060E-02
 -0.460445E-02 -0.298808E-02 -0.332222E-02
 -0.887034E-02 -0.307617E-02  0.264273E-02
  0.447150E-04  0.345248E-02  0.303663E-02
  0.164077E-01  0.110493E-02 -0.823952E-03
  0.562915E-02 -0.419812E-02 -0.256505E-02
  0.324423E-02  0.922911E-02  0.553648E-02
 -0.702974E-02  0.167510E-04  0.405236E-02
  0.139168E-01 -0.117751E-01  0.428176E-02
  0.900070E-02  0.106419E-01  0.210651E-02
 -0.445277E-02  0.465278E-02  0.119935E-01
  0.907377E-02 -0.602606E-02  0.157145E-01
  0.154905E-01  0.223160E-03 -0.816178E-02
 -0.747418E-03  0.386507E-03  0.455138E-02
  0.106363E-01 -0.790852E-02  0.280071E-02
  0.649549E-02 -0.620339E-02  0.165355E-03
  0.776162E-02  0.106504E-03 -0.492543E-02
  0.489025E-02  0.249907E-02 -0.220498E-02
  0.121501E-01 -0.526282E-02 -0.502875E-02
 -0.683251E-02 -0.255986E-02  0.427167E-02
 -0.445933E-02 -0.264508E-02 -0.160565E-01
 -0.867112E-03  0.396176E-02 -0.385969E-02
  0.348432E-02 -0.109224E-02 -0.305811E-02
  0.783866E-02 -0.137866E-01 -0.587761E-02
  0.997147E-02 -0.263411E-02  0.204236E-02
