 -0.182403E-01  0.100379E-02 -0.702659E-03
  0.408075E-02  0.765429E-02  0.549576E-02
 -0.699996E-03 -0.180968E-01 -0.933823E-02
 -0.830268E-02 -0.367613E-02  0.153834E-01
  0.341588E-02  0.144786E-01 -0.205768E-01
  0.140341E-01  0.729602E-02  0.291832E-02
  0.108621E-01 -0.501396E-02 -0.143385E-01
 -0.294662E-01  0.213892E-01 -0.665548E-02
 -0.474030E-02 -0.134835E-01 -0.543185E-02
  0.150016E-01 -0.239414E-01  0.139085E-01
  0.248635E-01  0.447252E-02 -0.896307E-02
  0.448809E-02  0.243912E-01  0.105759E-01
 -0.184544E-01  0.318204E-02 -0.113608E-01
 -0.113485E-01  0.118185E-01 -0.274077E-02
 -0.233460E-02  0.108102E-01 -0.119180E-02
 -0.106361E-01 -0.984544E-03 -0.891180E-02
  0.211548E-01 -0.700088E-03 -0.888870E-02
 -0.620055E-02  0.121583E-01 -0.140126E-01
  0.139603E-01 -0.168688E-01 -0.362210E-02
 -0.417045E-02  0.726407E-02 -0.347366E-02
 -0.148260E-02 -0.725521E-03  0.117967E-01
  0.696885E-02  0.142071E-01  0.715622E-02
  0.126747E-01 -0.151379E-01 -0.960532E-02
 -0.108676E-02  0.513281E-02  0.131627E-01
  0.118993E-01  0.126462E-01 -0.143075E-01
 -0.721995E-02  0.108936E-01 -0.204932E-01
  0.877234E-02  0.353573E-02 -0.164169E-02
 -0.860010E-02  0.131270E-01 -0.150627E-01
  0.376230E-02  0.878296E-02  0.198080E-01
 -0.523163E-03 -0.427080E-01 -0.835594E-02
 -0.262422E-02 -0.453404E-02 -0.240939E-01
  0.286602E-01 -0.773362E-02  0.293331E-01
 -0.183765E-01  0.180596E-01  0.938400E-02
 -0.130970E-01 -0.204011E-01 -0.580317E-02
 -0.267290E-01 -0.105720E-01  0.166182E-02
  0.178640E-01  0.849607E-02  0.455092E-02
  0.575768E-02 -0.379989E-01  0.654132E-02
 -0.426742E-02  0.101068E-01  0.202143E-01
 -0.133854E-01  0.211539E-02  0.413333E-02
 -0.534539E-02  0.170757E-01  0.101715E-01
 -0.237281E-01  0.679786E-02  0.110768E-01
  0.230636E-01 -0.513729E-01 -0.812676E-02
 -0.190622E-02  0.170189E-01  0.821518E-02
 -0.170474E-02 -0.147147E-01 -0.715443E-02
  0.329829E-02  0.223546E-01 -0.122846E-02
  0.158076E-01 -0.981323E-02  0.892721E-02
 -0.279430E-02 -0.181689E-01 -0.234085E-01
  0.745623E-02 -0.781188E-02  0.107641E-01
 -0.231863E-01  0.732994E-02 -0.659749E-02
 -0.254532E-01  0.174507E-01 -0.126082E-02
 -0.777844E-02 -0.515852E-02  0.566675E-02
 -0.392809E-02  0.170065E-02 -0.286792E-01
  0.339627E-01 -0.488604E-02  0.134183E-01
  0.116902E-01 -0.316491E-02  0.290644E-01
 -0.179457E-01  0.228987E-02 -0.727970E-02
 -0.736246E-02 -0.565033E-02 -0.291709E-01
  0.122534E-01  0.173875E-02  0.597046E-02
 -0.117755E-01 -0.125976E-02  0.181515E-01
 -0.409572E-02 -0.244892E-02 -0.152988E-02
  0.249016E-03 -0.444645E-02 -0.221079E-01
 -0.118027E-01 -0.713654E-02  0.118652E-01
  0.129877E-01  0.115381E-01 -0.276384E-01
  0.321960E-02 -0.270357E-02  0.339479E-01
 -0.100925E-01  0.171719E-01 -0.256018E-01
  0.825515E-02  0.342332E-03 -0.213877E-02
  0.286897E-02 -0.730931E-02 -0.118398E-01
  0.129337E-01  0.483642E-02  0.874847E-02
  0.416599E-02  0.791906E-03  0.127083E-02
  0.139352E-02 -0.229147E-02 -0.933513E-02
  0.510963E-02 -0.106960E-02 -0.250640E-01
 -0.719500E-02 -0.499948E-04  0.429516E-01
  0.806157E-02 -0.143688E-01 -0.183281E-01
  0.707261E-03  0.167497E-01 -0.148127E-01
  0.550121E-02 -0.406245E-03 -0.361060E-02
 -0.210735E-01  0.467574E-02  0.240077E-01
 -0.510960E-02 -0.577229E-02 -0.171826E-01
  0.672690E-02 -0.900911E-02  0.135197E-01
  0.313809E-02 -0.124387E-01 -0.354693E-02
 -0.286707E-02  0.234643E-02  0.143652E-01
 -0.632142E-02  0.101855E-02  0.137436E-02
 -0.263797E-01  0.438704E-02 -0.799029E-02
  0.532449E-02  0.368795E-02  0.358351E-02
  0.593362E-02  0.265900E-01 -0.102750E-01
  0.103749E-01 -0.524547E-02 -0.618211E-02
 -0.940961E-02 -0.110570E-01  0.585009E-02
 -0.238620E-01  0.619270E-02 -0.550784E-02
 -0.763096E-02  0.570522E-03 -0.118131E-02
  0.619770E-02 -0.120770E-01 -0.571316E-02
 -0.483703E-02 -0.205339E-01  0.338033E-02
  0.274655E-02  0.272731E-01  0.101655E-02
 -0.548152E-02 -0.162361E-01  0.229831E-01
  0.408158E-02 -0.263677E-01  0.669337E-02
 -0.161212E-01  0.330144E-02  0.442414E-02
 -0.199524E-02 -0.538568E-02 -0.103392E-01
 -0.211756E-02  0.111895E-01  0.169186E-01
  0.540603E-03 -0.269747E-01  0.539472E-02
 -0.635936E-02 -0.143907E-01 -0.103360E-02
  0.895179E-02  0.104563E-01 -0.329118E-02
  0.269209E-02  0.452096E-01  0.719788E-02
  0.252623E-02  0.626813E-02  0.135425E-01
 -0.127619E-01 -0.807484E-02 -0.982365E-02
 -0.633040E-02 -0.354239E-02 -0.247825E-02
  0.138019E-02 -0.173363E-01 -0.107513E-01
 -0.136191E-02  0.122062E-01 -0.159974E-01
  0.161784E-01 -0.141502E-01 -0.227438E-01
  0.107375E-01  0.234061E-01  0.251860E-02
 -0.236317E-01  0.940076E-02  0.255530E-03
  0.490570E-02 -0.402881E-02  0.136889E-01
 -0.257747E-02  0.346778E-02 -0.242684E-02
  0.185602E-01  0.214471E-02  0.320821E-02
 -0.130827E-01  0.267974E-01  0.250316E-01
  0.463095E-01  0.268035E-02 -0.348282E-02
  0.385285E-01 -0.882129E-02  0.423797E-02
 -0.151463E-01 -0.125100E-01  0.112459E-01
 -0.141560E-01  0.637042E-02  0.248012E-03
 -0.220081E-01 -0.152635E-02 -0.439215E-02
  0.109948E-01  0.127596E-02 -0.244481E-04
  0.767365E-02 -0.124686E-01  0.885072E-02
  0.934527E-02 -0.952732E-02  0.262736E-01
  0.129854E-01  0.122060E-01 -0.650139E-02
 -0.909599E-02  0.129203E-01  0.524389E-02
 -0.193919E-02  0.185087E-02 -0.597632E-02
  0.107411E-01 -0.653679E-02  0.948400E-02
  0.521991E-03 -0.118946E-02 -0.822351E-02
  0.107553E-01  0.122731E-01 -0.393037E-02
  0.112619E-01  0.622010E-02 -0.113221E-01
  0.192450E-01  0.128886E-01  0.133212E-02
 -0.538792E-02 -0.392144E-02  0.313144E-02
 -0.234952E-02  0.430700E-02  0.644977E-02
 -0.319510E-01 -0.157380E-01  0.404634E-03
 -0.613169E-02  0.102100E-01  0.113033E-01
  0.132641E-01 -0.436965E-02  0.157312E-01
 -0.379460E-02 -0.255997E-02 -0.638364E-02
  0.291568E-02 -0.213573E-02  0.243445E-02
  0.260813E-02 -0.112683E-01 -0.103732E-01
