  0.394711E-02 -0.547683E-02  0.276276E-02
 -0.111886E-01 -0.432938E-02 -0.816146E-02
  0.685867E-02  0.755919E-02 -0.151230E-01
  0.896483E-03 -0.500981E-02 -0.871629E-02
  0.250076E-03 -0.611989E-02 -0.123866E-01
 -0.223474E-02  0.838056E-02 -0.147445E-01
  0.418396E-02 -0.252745E-01 -0.955237E-03
  0.200092E-01 -0.994209E-03  0.877259E-03
 -0.665956E-02  0.225341E-02 -0.107254E-01
  0.741025E-02 -0.163112E-02 -0.143840E-01
  0.982763E-02  0.616452E-02 -0.992429E-02
 -0.688497E-02 -0.177498E-01  0.188741E-02
  0.536863E-02 -0.698128E-02 -0.567773E-02
 -0.773086E-02  0.133749E-01 -0.812838E-02
 -0.835524E-02  0.125336E-01  0.604772E-02
  0.184790E-02 -0.383166E-02 -0.745979E-02
 -0.350508E-02  0.496599E-02  0.146039E-02
  0.588568E-02 -0.281088E-02  0.157180E-01
  0.658393E-02  0.142711E-01 -0.181405E-01
  0.110774E-01 -0.125154E-02  0.962625E-02
 -0.627144E-02 -0.149319E-02 -0.202711E-02
 -0.790473E-02 -0.314194E-02 -0.157370E-01
 -0.591135E-03 -0.358180E-02 -0.665118E-02
 -0.712692E-03 -0.228228E-02 -0.135586E-02
 -0.112195E-01 -0.183201E-01  0.321433E-02
  0.230738E-02 -0.112629E-02  0.167047E-01
 -0.488795E-02 -0.828004E-02 -0.185874E-01
  0.974152E-02  0.141231E-01 -0.136342E-01
 -0.131346E-01 -0.473364E-03 -0.146926E-02
  0.132036E-01 -0.402387E-02  0.616875E-02
 -0.829165E-02  0.411252E-02 -0.170901E-01
  0.544346E-02  0.859023E-02  0.556957E-03
  0.514343E-02  0.982104E-02 -0.120096E-01
 -0.140109E-02 -0.332031E-02  0.988595E-02
  0.212238E-01 -0.183840E-02  0.214279E-01
  0.186794E-01  0.480220E-02 -0.334202E-02
 -0.164142E-01  0.662768E-02 -0.125235E-01
  0.144209E-01 -0.971572E-02  0.994643E-02
  0.188299E-01  0.865056E-02  0.127106E-01
 -0.908999E-02 -0.234495E-01  0.566091E-02
 -0.421893E-03  0.560938E-02  0.665953E-02
 -0.577258E-02 -0.579548E-02 -0.815286E-02
  0.611739E-02 -0.495482E-03  0.125351E-01
 -0.379895E-02 -0.425381E-02  0.196804E-02
 -0.205728E-01  0.643822E-02 -0.804640E-02
  0.427876E-02  0.216530E-02 -0.682387E-02
  0.645642E-02 -0.752973E-02  0.646800E-02
 -0.250652E-01  0.148300E-01  0.742478E-02
 -0.111837E-02 -0.842516E-02 -0.343574E-01
 -0.486073E-02  0.197385E-01  0.358923E-01
  0.165528E-01 -0.692222E-02 -0.118831E-01
  0.418693E-03  0.162961E-01  0.119518E-01
 -0.186652E-01 -0.574337E-02 -0.108302E-01
  0.998515E-02 -0.104627E-01 -0.113282E-03
 -0.206667E-02 -0.308900E-02 -0.538262E-02
 -0.186089E-02 -0.475899E-02 -0.135732E-01
  0.209071E-02  0.735559E-02  0.203861E-02
  0.113948E-02 -0.855145E-02 -0.504573E-02
 -0.163854E-02 -0.101348E-01  0.228648E-01
  0.396341E-02 -0.137436E-01 -0.279116E-02
 -0.381693E-02  0.543674E-02  0.117466E-01
 -0.222803E-02 -0.117718E-01 -0.129253E-01
 -0.128954E-01  0.107062E-01 -0.191722E-01
 -0.746340E-03 -0.112698E-01 -0.364225E-03
  0.105386E-01 -0.424828E-02  0.926778E-02
 -0.124756E-01 -0.468213E-02 -0.757310E-02
  0.164680E-02  0.374741E-02  0.155562E-01
 -0.951287E-03 -0.429952E-02 -0.601335E-02
  0.143155E-02 -0.320804E-02 -0.132118E-02
  0.405867E-02  0.628913E-02  0.323137E-02
 -0.476715E-02  0.130872E-01 -0.199640E-01
  0.208248E-03 -0.125338E-02  0.988095E-02
 -0.421340E-02 -0.780663E-02  0.412487E-02
  0.304477E-02 -0.156472E-01 -0.544570E-02
 -0.184506E-02  0.681288E-02 -0.857221E-02
 -0.167863E-01  0.406304E-02  0.645265E-02
  0.424979E-02 -0.102427E-02  0.293610E-01
 -0.263700E-02 -0.537794E-02 -0.177966E-01
 -0.199372E-01  0.554039E-02  0.687247E-02
  0.676889E-02  0.634373E-02 -0.106106E-01
  0.697513E-02  0.693500E-03  0.167147E-01
 -0.380886E-02  0.896267E-02  0.592037E-02
 -0.216199E-02  0.796092E-02  0.393442E-02
 -0.776059E-02 -0.206832E-02  0.106755E-01
  0.923757E-02  0.260059E-02  0.623409E-02
  0.375944E-02  0.278936E-03  0.749066E-03
 -0.294991E-02  0.753181E-02  0.414368E-02
 -0.400962E-02  0.703006E-02 -0.492193E-02
 -0.818590E-04  0.804035E-02 -0.934950E-02
  0.742059E-02 -0.169773E-01  0.348834E-02
 -0.710393E-02 -0.183166E-01  0.595215E-02
 -0.433987E-02  0.396479E-02 -0.238042E-02
 -0.140645E-01 -0.984403E-02  0.123424E-01
  0.462973E-02 -0.425459E-02  0.949200E-02
  0.742999E-02  0.246403E-02 -0.105348E-01
 -0.148180E-03  0.109583E-01 -0.117993E-01
  0.995882E-04  0.237594E-01  0.249539E-02
 -0.498149E-02 -0.173153E-01 -0.197848E-03
  0.612122E-02  0.140913E-01  0.497880E-03
  0.834168E-02  0.537628E-02  0.927003E-02
  0.816901E-02  0.344253E-03 -0.111132E-01
 -0.508182E-02 -0.490312E-02  0.498944E-02
  0.683723E-03  0.900680E-04 -0.165977E-02
 -0.128472E-01  0.969021E-02  0.597915E-02
  0.188714E-02 -0.115405E-01  0.813163E-02
 -0.166198E-01 -0.760220E-02 -0.359933E-02
 -0.223287E-02 -0.967484E-02  0.200876E-02
  0.833325E-02  0.894256E-02  0.506752E-02
 -0.761420E-02 -0.153226E-01  0.101798E-01
 -0.544297E-02 -0.597910E-02 -0.555337E-02
  0.157656E-02  0.221779E-02  0.913844E-02
 -0.663136E-02  0.144628E-02  0.907755E-02
 -0.151257E-01  0.624648E-02 -0.658228E-02
  0.962913E-02 -0.140209E-01  0.169414E-02
 -0.251376E-02  0.103734E-01 -0.305114E-02
  0.343301E-02  0.506154E-02 -0.559106E-02
 -0.136979E-01  0.114460E-01 -0.988065E-02
 -0.118299E-01  0.120862E-01  0.339639E-02
  0.145726E-01 -0.491951E-02  0.913498E-02
  0.317366E-02 -0.493577E-02  0.173566E-02
 -0.900071E-02 -0.786184E-02  0.179834E-02
  0.927309E-02 -0.388985E-02  0.618083E-02
 -0.782787E-02 -0.413353E-02  0.432669E-02
  0.158502E-02  0.936639E-02  0.154708E-01
  0.699529E-03  0.135070E-03 -0.674529E-02
  0.227169E-01  0.540920E-03  0.679173E-02
  0.123851E-01  0.200117E-02  0.413190E-02
 -0.240954E-03  0.383889E-02 -0.225398E-02
  0.761605E-02  0.534347E-02  0.437577E-02
  0.416425E-02  0.106052E-01 -0.504430E-02
  0.128086E-01 -0.531381E-02 -0.349312E-02
  0.583399E-02  0.129529E-02  0.852744E-02
  0.121972E-01  0.100054E-01  0.182350E-02
 -0.824100E-05  0.696671E-02  0.165167E-02
 -0.709756E-02  0.942964E-02  0.129885E-01
