  0.680194E-02 -0.101127E-01  0.310968E-02
 -0.292515E-03  0.576472E-02 -0.829666E-02
  0.842978E-03  0.764427E-02 -0.856891E-02
  0.133053E-01  0.193793E-01  0.120826E-01
 -0.817641E-02  0.248548E-01 -0.725227E-02
  0.128166E-01 -0.303350E-02 -0.138296E-01
 -0.133012E-01  0.119551E-01  0.338627E-02
 -0.273463E-02 -0.376568E-02 -0.162496E-01
  0.446579E-02 -0.504996E-02 -0.478911E-02
  0.458733E-02  0.894827E-02  0.105785E-02
  0.101229E-01 -0.769520E-02 -0.468787E-02
 -0.503444E-02  0.919782E-02  0.135880E-02
  0.121802E-01  0.137718E-02  0.457673E-02
  0.593163E-02  0.590807E-02 -0.390279E-02
 -0.148300E-01  0.512794E-02 -0.614691E-03
  0.844947E-02 -0.225610E-01  0.111325E-01
  0.672827E-02 -0.133571E-01  0.111628E-01
 -0.135511E-01  0.143663E-02 -0.807442E-02
 -0.182995E-01  0.180658E-01 -0.724210E-02
 -0.602699E-02  0.183762E-01 -0.873636E-02
  0.792470E-02  0.273385E-02  0.100350E-01
 -0.189674E-01  0.197309E-01  0.705513E-02
 -0.710159E-02 -0.266833E-02 -0.193494E-01
 -0.144929E-01  0.136601E-01  0.914044E-02
  0.691737E-02 -0.696154E-02 -0.672058E-02
 -0.208186E-02  0.195446E-02 -0.118153E-01
  0.662415E-02 -0.115035E-01  0.689386E-02
 -0.150680E-02  0.739547E-02 -0.188827E-01
  0.513013E-02  0.203153E-01  0.189737E-01
 -0.534071E-02  0.241796E-01 -0.151917E-01
 -0.396446E-01 -0.621982E-02 -0.500678E-02
 -0.839524E-04 -0.298347E-01  0.643886E-02
  0.216467E-01 -0.282069E-02 -0.509274E-02
  0.128466E-01 -0.126686E-02 -0.246500E-02
  0.499783E-02 -0.144658E-01  0.459773E-02
 -0.399694E-02 -0.110863E-01 -0.197236E-01
  0.325709E-02  0.297901E-01  0.386795E-02
 -0.126779E-01 -0.132820E-02 -0.653055E-02
  0.802126E-02  0.109200E-02  0.697545E-04
 -0.129734E-01 -0.158943E-01 -0.176099E-01
 -0.184571E-01  0.123191E-01 -0.173087E-01
 -0.704181E-02  0.253968E-03  0.190547E-01
 -0.260990E-01  0.132238E-02 -0.459203E-02
 -0.232147E-01 -0.365173E-02 -0.694604E-04
 -0.782106E-02  0.772684E-02 -0.127352E-01
  0.423751E-02  0.253707E-01  0.405524E-02
 -0.154394E-01  0.737325E-02 -0.198524E-01
  0.107356E-01 -0.131548E-01  0.716528E-03
  0.425008E-01 -0.409229E-02  0.645348E-02
  0.277684E-02 -0.900207E-02 -0.227526E-02
 -0.456191E-02  0.686154E-02  0.149004E-01
  0.445666E-01 -0.205170E-01  0.531620E-02
 -0.398414E-02 -0.177513E-01  0.727003E-02
  0.472492E-03 -0.186456E-01 -0.535783E-02
  0.894574E-04 -0.116696E-01 -0.648838E-03
  0.533904E-02 -0.798795E-02 -0.531652E-02
 -0.846442E-02  0.156320E-01 -0.176859E-03
  0.248412E-01 -0.251393E-01  0.949554E-02
  0.924323E-02 -0.135498E-01 -0.148117E-01
  0.266619E-02  0.156795E-01  0.183958E-02
 -0.362250E-02 -0.136768E-02 -0.554225E-02
 -0.199941E-01  0.791897E-02 -0.198591E-01
 -0.644419E-02  0.622101E-02  0.717896E-02
  0.453420E-03 -0.116962E-01 -0.569629E-03
  0.893584E-02 -0.162515E-01  0.636365E-02
  0.873230E-02  0.206074E-02  0.723033E-02
 -0.954052E-02  0.222203E-02  0.269231E-01
 -0.991934E-02 -0.113442E-02  0.163776E-01
  0.117156E-01  0.706048E-02 -0.380180E-01
  0.180830E-01 -0.670232E-02  0.196723E-02
  0.805689E-02 -0.114509E-01  0.309294E-01
 -0.309454E-02  0.101687E-01 -0.286628E-01
  0.335402E-02 -0.607978E-02 -0.333253E-02
  0.516445E-02 -0.176562E-01 -0.795483E-02
  0.742876E-02 -0.285242E-02  0.107076E-01
 -0.547637E-02  0.594531E-02  0.165309E-01
  0.563158E-02  0.152849E-01  0.815101E-02
  0.833164E-02 -0.622987E-02 -0.663319E-02
  0.792898E-02 -0.170556E-02  0.289423E-01
  0.597514E-02  0.183248E-02 -0.110813E-01
 -0.821726E-02 -0.162369E-01 -0.201860E-01
 -0.300020E-02  0.494464E-03  0.901861E-02
 -0.628723E-02  0.130823E-01 -0.984323E-02
 -0.628979E-02 -0.144872E-01  0.966732E-02
  0.667130E-02 -0.210529E-02 -0.244298E-02
  0.372442E-01 -0.195012E-01  0.208351E-01
 -0.373425E-01 -0.188313E-01 -0.131485E-01
 -0.797608E-02  0.451044E-02 -0.130530E-02
  0.674959E-02  0.331484E-01  0.142386E-01
  0.140489E-01  0.227597E-01  0.143453E-01
 -0.747095E-02  0.234298E-01 -0.769360E-02
  0.454182E-02 -0.300617E-01  0.665075E-02
  0.673532E-02  0.161425E-01  0.107531E-01
  0.990914E-02  0.732181E-02 -0.881636E-02
  0.150855E-01  0.154597E-01 -0.681009E-03
 -0.174653E-02 -0.182426E-01 -0.134622E-02
 -0.593685E-02  0.229527E-02 -0.133729E-02
  0.263549E-01  0.101509E-03 -0.105539E-01
 -0.178832E-01 -0.606542E-03 -0.217766E-01
  0.180927E-02  0.103970E-01  0.191181E-01
  0.200218E-01  0.402242E-02  0.122623E-01
 -0.125399E-02  0.195096E-01 -0.681440E-03
 -0.116587E-01 -0.241670E-01 -0.103585E-01
  0.125003E-01 -0.203545E-01  0.200258E-01
 -0.204325E-01 -0.369579E-01 -0.274353E-02
  0.551519E-02  0.668817E-02  0.107158E-01
  0.875026E-02  0.512965E-03 -0.349437E-03
 -0.197036E-01  0.901112E-02  0.122700E-01
 -0.187019E-01 -0.132756E-01 -0.482104E-02
 -0.178155E-01 -0.108683E-01  0.188398E-02
 -0.168935E-01  0.181152E-01  0.143960E-03
  0.667010E-02  0.481829E-02  0.153238E-01
 -0.277157E-01  0.327585E-02  0.723116E-02
 -0.199585E-01  0.160109E-02  0.145935E-02
  0.678784E-02 -0.498999E-02 -0.559719E-02
 -0.142059E-01  0.116519E-01  0.336133E-02
  0.164336E-01 -0.673508E-02  0.780564E-02
 -0.262273E-02 -0.875931E-02  0.134588E-01
 -0.110714E-01  0.963182E-02 -0.613549E-02
  0.271908E-01 -0.590770E-02  0.107123E-02
 -0.286094E-03 -0.609666E-02 -0.176105E-02
  0.135188E-01 -0.771721E-02 -0.203836E-02
  0.636891E-02  0.436439E-01  0.105388E-01
 -0.283323E-02  0.125984E-02 -0.983247E-02
  0.313167E-01  0.427571E-04  0.735141E-02
 -0.200669E-01 -0.484422E-02  0.972938E-02
  0.170609E-01 -0.811808E-02 -0.654918E-02
 -0.966318E-02 -0.543951E-02 -0.648321E-03
  0.205880E-01  0.183292E-02 -0.979689E-02
 -0.148106E-01 -0.517214E-02 -0.465888E-02
 -0.329761E-01 -0.409823E-02  0.243538E-01
  0.247908E-01  0.834847E-02 -0.161564E-01
  0.137090E-01 -0.849068E-02 -0.501129E-02
 -0.313190E-01 -0.446040E-02  0.190268E-02
 -0.802434E-03  0.118786E-02  0.841766E-03
