 -0.378910E-02 -0.147930E-01 -0.597248E-02
 -0.472774E-02  0.126383E-02 -0.118504E-01
  0.307251E-01  0.244276E-02  0.179138E-01
 -0.242389E-04  0.235020E-01 -0.146225E-02
 -0.195676E-01 -0.128732E-01 -0.706958E-02
 -0.104346E-01  0.125999E-02 -0.651586E-02
 -0.346691E-02 -0.350901E-01 -0.250454E-01
  0.195821E-01 -0.836484E-02 -0.598346E-02
  0.271934E-01  0.112910E-01  0.275422E-01
  0.678038E-02  0.132768E-01  0.362825E-02
 -0.176837E-01  0.113791E-01 -0.111004E-02
  0.374383E-02  0.381682E-02  0.253539E-01
  0.586279E-02  0.171793E-01  0.179685E-01
  0.181721E-01  0.559768E-02  0.132367E-01
  0.299513E-01 -0.210440E-01 -0.132134E-01
  0.237666E-02 -0.260085E-01 -0.344342E-02
  0.333985E-01 -0.385663E-02 -0.266052E-01
 -0.961548E-02  0.302793E-02 -0.904925E-02
 -0.179822E-01 -0.104750E-01  0.361332E-02
  0.283210E-01  0.243385E-01 -0.848808E-02
  0.118109E-01  0.118190E-01  0.354111E-02
  0.379732E-02 -0.326750E-02  0.112256E-01
  0.314732E-02 -0.124226E-01  0.526205E-02
  0.479770E-04  0.507716E-02 -0.960224E-03
  0.351260E-01 -0.770922E-02 -0.346963E-01
 -0.173768E-01 -0.259066E-01 -0.803420E-02
 -0.260566E-01 -0.102505E-01  0.223726E-01
 -0.198165E-02  0.756310E-02 -0.671911E-02
 -0.127457E-01  0.132828E-01  0.139591E-01
 -0.385619E-03 -0.127901E-01 -0.125224E-01
 -0.377684E-02  0.118746E-01  0.522024E-01
 -0.243757E-01 -0.162335E-01 -0.441118E-02
 -0.953561E-02  0.342182E-01 -0.256059E-01
 -0.206898E-01  0.172575E-01  0.107710E-01
 -0.143111E-01 -0.124707E-01  0.195420E-01
 -0.528219E-01  0.105261E-02 -0.337488E-01
  0.697601E-01 -0.274071E-02 -0.102131E-03
 -0.742437E-02  0.314133E-01  0.220605E-01
 -0.393862E-01 -0.311651E-01 -0.514483E-01
 -0.244794E-01 -0.216731E-01  0.295814E-01
  0.126972E-01 -0.506278E-01  0.876223E-02
 -0.220861E-01 -0.294529E-01 -0.335076E-01
 -0.213314E-01  0.171809E-02 -0.183049E-03
 -0.615762E-02  0.302678E-01  0.132195E-01
  0.139282E-01  0.165676E-01 -0.338760E-01
  0.657994E-02  0.127156E-01  0.345507E-01
 -0.539963E-01 -0.236487E-01 -0.469680E-01
 -0.937417E-02 -0.630321E-02 -0.150387E-01
  0.101796E-01 -0.150407E-01 -0.747251E-02
  0.149913E-01 -0.152996E-01  0.537221E-02
  0.404960E-01  0.370520E-01  0.948023E-02
  0.175600E-01  0.171225E-01  0.163224E-01
  0.993084E-02  0.521866E-01  0.831989E-02
  0.422427E-01 -0.630222E-02 -0.557474E-02
  0.265678E-01  0.641939E-02 -0.256879E-01
  0.150585E-01 -0.690613E-02 -0.792131E-02
  0.474362E-02  0.205966E-01  0.325798E-01
 -0.239565E-02  0.301826E-02 -0.434290E-02
  0.197678E-01  0.150974E-01  0.136207E-01
 -0.468301E-02  0.157798E-02 -0.169364E-01
  0.471623E-01  0.120707E-01  0.558776E-01
 -0.195756E-02  0.141684E-01 -0.489225E-02
  0.607430E-02  0.670072E-02 -0.331885E-01
  0.160747E-01 -0.143657E-01  0.273815E-01
 -0.255544E-01 -0.253143E-03 -0.353046E-01
  0.728821E-02 -0.398998E-02  0.509760E-02
  0.830701E-03 -0.100793E-01  0.891335E-01
 -0.942614E-02  0.455451E-01  0.895967E-02
 -0.245011E-02 -0.466106E-03 -0.635343E-01
 -0.215895E-02  0.214315E-02  0.210421E-01
 -0.127392E-01  0.113410E-02 -0.124459E-01
 -0.925310E-02 -0.555113E-03 -0.211783E-01
  0.187279E-01 -0.214702E-02 -0.155343E-01
 -0.101230E-01 -0.108411E-01 -0.217689E-01
  0.268015E-02 -0.543663E-02  0.180139E-01
 -0.288514E-01 -0.217597E-01  0.232979E-01
 -0.117478E-01  0.581074E-02  0.133885E-02
 -0.185647E-01 -0.944669E-02  0.526294E-03
  0.164228E-01 -0.130831E-01  0.148889E-01
  0.199920E-01  0.128358E-01  0.114541E-02
 -0.241243E-01 -0.654451E-02 -0.123033E-02
 -0.110440E-01 -0.386639E-01  0.109513E-01
  0.144718E-01 -0.178552E-01 -0.571948E-02
 -0.192354E-03  0.220214E-01  0.488416E-02
  0.109848E-02 -0.219062E-01 -0.213553E-01
  0.154331E-02  0.271504E-02 -0.337233E-01
 -0.612460E-02 -0.315299E-01 -0.238620E-01
  0.216898E-02  0.175603E-01 -0.455684E-02
 -0.188240E-01  0.188031E-01  0.212598E-01
  0.278124E-01  0.757741E-02  0.155906E-01
  0.166512E-01 -0.305934E-01  0.113801E-01
 -0.284956E-01 -0.449944E-01  0.422773E-02
  0.332130E-02 -0.114827E-01 -0.445433E-03
 -0.246083E-02 -0.988471E-02 -0.108378E-01
  0.510119E-02  0.384020E-01  0.780702E-02
  0.121219E-01  0.177527E-01  0.502438E-02
 -0.173660E-01 -0.104935E-01  0.104144E-01
 -0.476034E-02 -0.645776E-02 -0.226171E-02
  0.334917E-02  0.437046E-01 -0.892424E-02
 -0.238248E-02 -0.377983E-03  0.194232E-01
 -0.110573E-01  0.648796E-03 -0.231656E-01
 -0.274669E-01  0.878187E-02  0.275738E-01
 -0.794950E-04  0.240463E-01 -0.200262E-01
 -0.107211E-01  0.419865E-01 -0.292229E-02
 -0.100527E-01 -0.156883E-01  0.279809E-03
 -0.204243E-01  0.445225E-03 -0.702583E-02
 -0.101586E-01  0.114720E-02 -0.120974E-01
 -0.106673E-01  0.343040E-01 -0.189392E-01
 -0.175154E-01 -0.126720E-01 -0.192493E-02
  0.458846E-01  0.491149E-02  0.220280E-01
  0.908042E-02 -0.122475E-01  0.193281E-02
  0.114259E-01 -0.659426E-03  0.867071E-02
 -0.179742E-02 -0.347143E-02 -0.307740E-03
  0.229822E-01 -0.214547E-01 -0.214648E-01
  0.895364E-03  0.446534E-02  0.128404E-01
  0.749212E-02 -0.114295E-01 -0.553999E-02
 -0.458073E-02  0.101940E-01 -0.848135E-02
 -0.112041E-01  0.176443E-01  0.262543E-02
 -0.108658E-01  0.175754E-02 -0.224109E-01
 -0.566302E-01 -0.638375E-02  0.131049E-01
  0.135072E-01  0.173273E-01 -0.140349E-02
  0.406598E-01 -0.176323E-01  0.889503E-02
  0.107957E-02  0.787778E-02  0.168860E-01
  0.319243E-02  0.226318E-01  0.686383E-02
  0.176983E-01 -0.127065E-02 -0.309727E-02
 -0.479321E-02 -0.268906E-01  0.582006E-03
 -0.167141E-01 -0.514016E-02 -0.141231E-01
  0.206695E-03 -0.605038E-02  0.112375E-01
  0.290039E-01  0.546890E-02  0.173450E-01
 -0.147450E-01 -0.217715E-04  0.206636E-02
 -0.109349E-01 -0.110334E-01  0.138569E-01
  0.232628E-01 -0.350158E-02 -0.431087E-02
 -0.169669E-01  0.247467E-02  0.739114E-02
 -0.368095E-01 -0.182552E-01  0.398388E-02
  0.164498E-02 -0.160531E-02 -0.826072E-02
