  0.466608E-02 -0.905068E-02 -0.388721E-02
 -0.622015E-02 -0.157409E-02 -0.102112E-01
  0.650671E-02 -0.851557E-03 -0.299453E-02
  0.536313E-02  0.200216E-02 -0.436530E-02
  0.274434E-03  0.114307E-02  0.260175E-02
  0.403862E-02 -0.279291E-02 -0.929575E-02
 -0.265870E-02  0.935127E-03 -0.185543E-02
  0.174370E-02  0.451773E-02 -0.905199E-02
  0.107468E-02 -0.202979E-02 -0.113873E-01
  0.698893E-02  0.983013E-03 -0.136683E-01
  0.414081E-02  0.456935E-02 -0.547363E-02
  0.418053E-02  0.703513E-02 -0.247623E-02
  0.100943E-02 -0.108326E-02 -0.120042E-01
 -0.481786E-02 -0.287918E-02 -0.219986E-02
  0.142427E-03 -0.810044E-02 -0.121192E-01
  0.544509E-02 -0.331625E-02 -0.410999E-02
  0.847941E-03 -0.944694E-02 -0.518788E-02
 -0.190169E-02 -0.426300E-02 -0.997647E-02
  0.130016E-01  0.342076E-03 -0.349641E-02
  0.501726E-02  0.483879E-02 -0.100246E-01
  0.162620E-02 -0.200092E-02 -0.560937E-02
  0.115060E-01  0.384913E-02 -0.468599E-02
  0.993282E-02 -0.130064E-02  0.384477E-02
  0.835543E-02 -0.988110E-02 -0.827586E-02
  0.190762E-01 -0.417105E-02 -0.429834E-02
  0.461925E-02 -0.100494E-03 -0.101144E-01
  0.443782E-02  0.120875E-02 -0.274240E-02
 -0.736714E-03  0.102628E-01  0.708831E-02
  0.424536E-02  0.113128E-01 -0.271796E-02
  0.725713E-02 -0.286782E-02 -0.628042E-02
 -0.610244E-02 -0.542414E-02  0.376074E-02
  0.324026E-03 -0.669025E-02 -0.405330E-02
 -0.683121E-02 -0.678555E-02  0.476619E-02
 -0.207845E-01  0.821342E-04 -0.608748E-02
 -0.196267E-01 -0.516259E-02  0.619388E-02
 -0.390972E-02  0.436142E-02  0.112488E-01
 -0.655085E-02 -0.327221E-02  0.506149E-02
 -0.304162E-02 -0.639641E-02  0.200482E-02
 -0.137779E-01  0.683683E-02  0.704918E-03
  0.935833E-05 -0.116185E-01 -0.708674E-02
 -0.391420E-02  0.418053E-02 -0.525888E-02
  0.313863E-02  0.400854E-02  0.208379E-01
  0.151880E-01 -0.463565E-03  0.204363E-01
  0.840836E-02  0.490374E-02  0.389379E-02
 -0.910936E-03  0.657963E-02 -0.101513E-02
 -0.491696E-02 -0.125388E-02 -0.959930E-03
 -0.440485E-02  0.501444E-02  0.121521E-02
 -0.201844E-03  0.370725E-03  0.335437E-02
 -0.176801E-02  0.855989E-02 -0.937110E-02
  0.148885E-02 -0.854640E-02  0.328066E-02
 -0.224992E-02 -0.238399E-02  0.891781E-02
  0.297035E-02  0.179275E-02  0.127063E-01
  0.577068E-02 -0.271130E-02  0.590784E-02
 -0.207942E-06  0.399008E-02 -0.601429E-02
 -0.650911E-02  0.222866E-02  0.119361E-02
 -0.866134E-02 -0.431281E-02  0.914994E-03
  0.777566E-03  0.512918E-02 -0.682116E-02
  0.801608E-03  0.216827E-02 -0.656747E-02
 -0.483150E-03 -0.155790E-02  0.642698E-02
 -0.229618E-02  0.432571E-02  0.195998E-02
 -0.193258E-02 -0.962663E-03  0.166951E-01
  0.281398E-02  0.996461E-03 -0.613384E-02
  0.392551E-02  0.840749E-02 -0.187955E-02
  0.537495E-02 -0.297949E-02 -0.348304E-02
  0.185768E-02 -0.206288E-02  0.165402E-02
 -0.201996E-02 -0.404057E-02  0.119347E-01
 -0.367457E-02  0.216369E-02  0.298939E-02
 -0.323402E-02 -0.238461E-02 -0.315777E-02
 -0.565297E-02  0.666540E-02 -0.393354E-02
 -0.289484E-03 -0.271692E-02 -0.467831E-02
 -0.672597E-02  0.196565E-02  0.163303E-01
 -0.157864E-03 -0.514128E-02  0.941884E-03
  0.431364E-02 -0.364679E-04  0.435311E-02
  0.415638E-02 -0.221059E-02  0.110565E-02
 -0.216845E-02  0.475597E-03  0.411455E-02
 -0.211997E-02 -0.711547E-03  0.320144E-02
  0.628152E-03 -0.510190E-02 -0.312413E-03
  0.706121E-02 -0.696658E-02 -0.721900E-02
 -0.376210E-02 -0.233782E-02 -0.146463E-02
 -0.435056E-02 -0.583055E-03  0.373193E-02
  0.719094E-02 -0.150233E-02  0.146212E-02
 -0.278727E-02  0.162794E-02 -0.534885E-03
  0.115866E-02 -0.228794E-02  0.589927E-02
 -0.404844E-02 -0.142631E-02  0.157498E-02
 -0.310172E-02  0.852551E-02  0.427629E-02
 -0.512647E-02  0.909877E-02  0.331470E-02
 -0.563360E-02  0.216645E-02  0.723893E-02
 -0.585129E-02  0.302336E-02  0.113175E-02
  0.856160E-02 -0.513431E-02 -0.264384E-02
 -0.766633E-02 -0.628881E-02 -0.650909E-02
 -0.929961E-02 -0.383632E-02  0.120383E-02
 -0.219412E-02 -0.113109E-01  0.353041E-02
  0.465812E-02 -0.774633E-02  0.290934E-02
  0.137022E-03 -0.456634E-02  0.278804E-02
 -0.253924E-02  0.420171E-03 -0.523676E-02
  0.475798E-02  0.340628E-02  0.438267E-02
 -0.138070E-01  0.752460E-02  0.198369E-02
 -0.804387E-03  0.120964E-01  0.122488E-01
 -0.597555E-02  0.253463E-02 -0.332222E-02
  0.275062E-02  0.313619E-02 -0.273072E-02
  0.755700E-02 -0.707336E-02 -0.869246E-03
 -0.768144E-02 -0.484520E-02 -0.496351E-03
 -0.368065E-02  0.157113E-01  0.761513E-03
  0.178285E-02  0.804163E-02 -0.168425E-02
 -0.250412E-03  0.342617E-02 -0.604374E-02
 -0.157253E-02  0.106795E-01  0.130522E-02
 -0.675232E-03  0.130709E-02  0.629400E-02
  0.235447E-02  0.134043E-01  0.317264E-02
  0.322033E-02 -0.132641E-01  0.807828E-03
  0.572009E-02 -0.249323E-02  0.305127E-02
 -0.347561E-02  0.635235E-03  0.570754E-02
  0.666429E-03 -0.563311E-03 -0.236873E-02
  0.175023E-03 -0.397638E-04 -0.124063E-02
  0.100169E-01  0.313115E-02 -0.438181E-02
  0.670117E-02 -0.109745E-02 -0.151205E-02
 -0.414839E-02  0.345960E-02 -0.309585E-02
 -0.731409E-03 -0.788428E-02 -0.119467E-02
 -0.352165E-03  0.353891E-02 -0.269102E-02
 -0.570594E-03 -0.129151E-03 -0.288402E-02
  0.118539E-01 -0.412834E-02 -0.217101E-02
  0.838705E-02  0.128193E-02  0.311227E-02
 -0.249861E-02  0.437969E-03  0.409377E-02
 -0.608581E-02  0.373981E-03 -0.222550E-02
 -0.322553E-02 -0.133831E-02  0.179604E-02
  0.494787E-02 -0.100173E-02  0.267396E-02
  0.882785E-02 -0.111189E-02 -0.403359E-03
 -0.116395E-01  0.110222E-02  0.490092E-02
  0.254988E-03  0.872958E-03  0.140277E-02
 -0.181769E-01  0.224807E-02  0.469564E-03
  0.873693E-03 -0.311756E-02  0.280827E-03
  0.482870E-02 -0.302459E-02  0.340830E-02
 -0.341686E-02 -0.179105E-02  0.652178E-02
  0.107839E-01  0.244400E-03 -0.326382E-02
 -0.573217E-02 -0.684482E-04  0.219831E-02
 -0.105596E-01  0.593386E-02  0.102346E-01
