 -0.880143E-02 -0.167671E-01  0.240444E-01
 -0.220047E-01  0.803857E-02  0.595074E-02
 -0.231566E-01 -0.191646E-01 -0.372917E-01
  0.182449E-02  0.308600E-01 -0.107279E-04
  0.902150E-02 -0.421654E-02 -0.193775E-01
  0.127958E-01 -0.412535E-02 -0.117756E-02
  0.222443E-01  0.825918E-03 -0.229316E-01
  0.131733E-01  0.141502E-01  0.148808E-01
  0.136525E-01 -0.269707E-02  0.175456E-01
 -0.267510E-01 -0.263465E-02  0.134023E-01
  0.352830E-01  0.727364E-02 -0.300290E-01
 -0.453743E-03 -0.120695E-01  0.119091E-01
 -0.531558E-02 -0.365411E-02  0.319849E-02
 -0.470011E-02  0.377278E-01  0.645199E-02
 -0.667188E-02 -0.881450E-02  0.288640E-01
 -0.596782E-02 -0.191783E-01 -0.197063E-02
  0.158470E-01  0.230087E-02 -0.302225E-04
 -0.123722E-01  0.181128E-02  0.110258E-01
  0.246784E-02  0.233978E-01 -0.590632E-02
  0.263449E-01 -0.187639E-01  0.170668E-01
  0.814796E-02 -0.120743E-01  0.214329E-02
 -0.611068E-02 -0.184663E-01 -0.994258E-02
  0.735626E-02  0.205264E-01  0.108294E-01
  0.545573E-02 -0.125643E-01  0.567420E-02
  0.159254E-01 -0.130636E-01  0.347971E-02
  0.209894E-01 -0.164468E-01  0.245358E-01
  0.110280E-01 -0.131351E-01 -0.420377E-02
  0.179864E-01  0.132350E-01  0.151110E-02
 -0.251189E-02  0.248528E-02 -0.412403E-03
  0.306459E-01  0.474363E-01  0.122102E-01
  0.524408E-02  0.265162E-01  0.370626E-02
  0.765959E-02 -0.644389E-02  0.250973E-01
  0.637545E-03 -0.909818E-02 -0.303634E-02
  0.667677E-02 -0.104792E-01 -0.268631E-01
 -0.185098E-01  0.166455E-01 -0.917433E-02
  0.408313E-03 -0.372285E-01 -0.163933E-01
  0.554328E-03 -0.720154E-02 -0.607896E-01
 -0.528673E-02  0.116995E-01  0.639463E-01
  0.431550E-01  0.159489E-01  0.136776E-01
 -0.145229E-01  0.139817E-01  0.703950E-02
 -0.117409E-01  0.312271E-01  0.435280E-02
  0.131720E-01  0.203467E-01 -0.158913E-01
 -0.367351E-01 -0.216810E-01  0.183210E-01
  0.277830E-02 -0.282956E-01  0.306932E-01
 -0.988088E-02 -0.115835E-01 -0.367072E-01
  0.884299E-02 -0.102922      0.275516E-01
 -0.319295E-02 -0.145303E-01  0.113752E-01
 -0.698683E-01  0.261498E-01 -0.251666E-01
 -0.129217E-01 -0.129724E-01 -0.463563E-01
 -0.359253E-01  0.356976E-02  0.289146E-01
 -0.670788E-01 -0.319741E-01  0.149983E-02
  0.273393E-01  0.157982E-01  0.111297E-02
 -0.903635E-02  0.401636E-01  0.845484E-02
  0.208673E-01 -0.119624E-01  0.514994E-03
  0.152517E-01  0.265366E-02 -0.117516E-01
 -0.187909E-01  0.168244E-03 -0.860908E-02
  0.939042E-02  0.709706E-02  0.146296E-01
 -0.648713E-02  0.212382E-01  0.361107E-01
  0.599599E-02 -0.157498E-01 -0.184470E-01
 -0.606366E-02 -0.174605E-01 -0.235536E-01
  0.252511E-02  0.201355E-01  0.520741E-02
 -0.126258E-01 -0.312496E-03 -0.663139E-02
 -0.912350E-02 -0.569236E-02 -0.170622E-01
 -0.906467E-02 -0.945163E-02 -0.249877E-01
 -0.950312E-03  0.259304E-03 -0.571425E-01
 -0.193691E-01  0.116315E-01  0.231415E-02
  0.132950E-02 -0.240748E-02  0.996419E-02
 -0.816581E-02 -0.155531E-01 -0.201022E-01
  0.910846E-02 -0.246264E-01 -0.148634E-01
  0.134172E-01 -0.214917E-01  0.228055E-01
  0.885963E-02  0.305819E-01 -0.731499E-01
  0.139107E-01  0.372942E-01  0.170032E-01
  0.891325E-02 -0.683463E-02 -0.301448E-01
 -0.632261E-02 -0.956859E-02  0.153504E-01
  0.134707E-01 -0.123531E-01 -0.408639E-01
  0.142573E-01  0.990114E-03  0.113086E-01
 -0.638622E-02  0.329109E-02  0.772903E-02
  0.519955E-02 -0.129675E-01 -0.341688E-01
 -0.175507E-01  0.258421E-01  0.130996E-01
 -0.217905E-02  0.286576E-02 -0.866418E-02
 -0.589132E-02 -0.433508E-03 -0.117908E-01
 -0.286924E-02 -0.219439E-01  0.895617E-02
 -0.150450E-01 -0.211798E-01  0.284418E-01
 -0.153606E-01  0.257270E-01 -0.630313E-02
 -0.176657E-02  0.317430E-02  0.227433E-01
  0.105891E-01 -0.741408E-02  0.733175E-03
 -0.318545E-02 -0.534114E-01 -0.121675E-01
  0.854621E-02 -0.536584E-02 -0.235236E-02
 -0.157726E-01  0.206909E-01  0.273027E-02
 -0.815510E-02  0.500928E-01  0.132210E-01
 -0.348405E-01 -0.229881E-01 -0.968898E-02
  0.127221E-01 -0.196085E-01 -0.101784E-01
  0.123363E-01 -0.537017E-03 -0.179595E-01
 -0.645489E-02  0.205312E-01  0.464998E-03
 -0.163430E-01  0.230563E-01  0.230563E-02
 -0.714767E-02  0.604228E-02 -0.681133E-02
 -0.326734E-01  0.134903E-01  0.334077E-02
 -0.216840E-01 -0.169301E-01  0.353949E-01
 -0.116084E-01 -0.104502E-01  0.332316E-01
 -0.148459E-01 -0.548395E-01 -0.365778E-02
  0.849449E-02 -0.543959E-02 -0.733191E-03
  0.118938E-01 -0.123824E-01 -0.838616E-02
  0.146150E-01  0.116624      0.137184E-02
 -0.257208E-01  0.386965E-02  0.234456E-01
  0.132380E-01 -0.178444E-01  0.553360E-02
 -0.114781E-01 -0.879633E-02  0.433124E-01
  0.151027E-01 -0.180058E-01 -0.898947E-02
  0.438048E-02  0.212783E-01 -0.122243E-01
 -0.140904E-02  0.132851E-01  0.524414E-02
 -0.324387E-01 -0.264715E-02  0.117734E-01
  0.779492E-01  0.369437E-02 -0.293657E-02
  0.363636E-02  0.146197E-02  0.271803E-02
 -0.787500E-02  0.179766E-01  0.301388E-02
  0.414498E-01  0.547229E-02  0.129034E-01
  0.205694E-01 -0.468060E-02  0.145689E-02
  0.122816E-01 -0.442885E-02  0.332521E-02
  0.652308E-02 -0.130811E-01  0.228864E-01
  0.291698E-01 -0.584475E-02  0.271838E-02
  0.785467E-02  0.139148E-01 -0.182071E-01
 -0.285004E-01  0.139424E-01 -0.447336E-02
  0.337595E-02 -0.223493E-01  0.651012E-02
 -0.130318E-01  0.805990E-02 -0.242159E-01
  0.215726E-01 -0.345908E-01  0.282955E-01
  0.242415E-02 -0.126122E-01  0.536677E-04
 -0.613231E-01  0.774197E-02  0.717228E-02
 -0.705979E-02  0.595232E-02  0.506827E-02
 -0.876503E-03  0.317905E-01  0.264969E-01
  0.135436E-01 -0.126356E-01  0.115965E-01
 -0.108393E-01 -0.252324E-01  0.129828E-01
  0.132718E-02 -0.296347E-03 -0.185413E-01
  0.470866E-03 -0.205739E-01 -0.119412E-01
 -0.258709E-01  0.131311E-01  0.260384E-02
  0.271699E-02  0.426492E-01 -0.352818E-01
  0.603422E-01  0.219253E-01 -0.216274E-02
  0.363836E-01  0.134809E-01 -0.157434E-01
