 -0.423675E-02 -0.113698E-01  0.908772E-02
 -0.270500E-04  0.794875E-02 -0.275927E-02
 -0.709959E-02 -0.304893E-02  0.554697E-02
 -0.335634E-02  0.215000E-02 -0.393895E-02
  0.130184E-01 -0.113019E-02  0.966782E-02
  0.132361E-01  0.655277E-02 -0.803224E-02
  0.570367E-02 -0.105963E-01  0.174814E-01
 -0.221267E-02  0.206937E-02 -0.241321E-01
  0.377097E-02  0.199807E-02 -0.121369E-01
  0.234047E-03  0.373859E-02 -0.131591E-02
 -0.128619E-02  0.161257E-02 -0.126802E-02
 -0.106635E-01  0.199884E-01 -0.109381E-02
  0.681863E-02  0.838883E-03 -0.343404E-02
 -0.101476E-01  0.725612E-02 -0.172309E-02
 -0.131819E-01 -0.108216E-01  0.120848E-02
 -0.107554E-02  0.485850E-03 -0.144685E-02
  0.373096E-03 -0.861788E-02  0.312505E-02
  0.189097E-02  0.128882E-01  0.893577E-02
  0.678554E-02  0.150173E-01 -0.151481E-02
  0.644447E-02  0.134851E-01 -0.455962E-02
  0.476113E-02  0.815023E-02  0.237739E-02
  0.489078E-02 -0.516389E-02  0.229456E-02
 -0.274573E-02 -0.287867E-03  0.170046E-02
  0.563018E-02  0.658380E-03 -0.378595E-02
 -0.279398E-02  0.146021E-01  0.762460E-02
  0.661257E-02 -0.981217E-02 -0.131174E-01
  0.106888E-01 -0.161079E-02  0.491601E-02
 -0.138340E-01  0.169128E-01 -0.218230E-02
  0.124792E-02  0.811419E-02  0.862504E-02
  0.285380E-01 -0.244840E-02 -0.110805E-01
 -0.187149E-01  0.570086E-02  0.482832E-02
  0.222501E-02 -0.112711E-01  0.150832E-02
 -0.231842E-02  0.962631E-02  0.496395E-02
 -0.100679E-01 -0.167848E-01 -0.604532E-02
 -0.796887E-02  0.573689E-02 -0.238356E-02
  0.161717E-01  0.132336E-01 -0.225508E-02
  0.204277E-01 -0.951279E-02 -0.830136E-02
  0.110621E-01  0.910745E-02  0.352676E-02
 -0.139112E-01 -0.221575E-02  0.438717E-02
 -0.783981E-02  0.235659E-01  0.210186E-02
 -0.346850E-02 -0.115594E-01 -0.114365E-01
 -0.137618E-02  0.133194E-02  0.213735E-01
 -0.930654E-03 -0.142571E-01 -0.176761E-01
 -0.223573E-02 -0.129828E-01  0.661879E-02
 -0.490461E-02 -0.823274E-02  0.101997E-01
 -0.862941E-02 -0.881344E-02 -0.724170E-02
 -0.569285E-02 -0.679909E-03  0.113973E-01
  0.578907E-02 -0.917894E-02 -0.419561E-02
  0.187346E-01  0.973411E-02 -0.642402E-02
  0.846133E-02 -0.456021E-02  0.119751E-01
  0.304714E-02 -0.737146E-02 -0.832301E-02
  0.131811E-01  0.779232E-02 -0.133691E-01
 -0.581805E-02 -0.530893E-02  0.255891E-01
 -0.700930E-02  0.106625E-02 -0.829329E-03
  0.184582E-02 -0.175746E-03 -0.103400E-01
  0.534921E-02 -0.137810E-01  0.365503E-02
  0.745861E-02  0.522411E-02 -0.134933E-01
 -0.319061E-02 -0.143129E-02 -0.679747E-02
  0.126611E-02 -0.604762E-02  0.113522E-01
  0.103205E-01  0.236850E-02 -0.666283E-02
 -0.862572E-03 -0.499014E-02  0.900263E-02
  0.111804E-01  0.689699E-02 -0.609772E-02
 -0.425053E-02 -0.466876E-02  0.899856E-03
  0.738707E-02  0.613195E-02 -0.645892E-02
 -0.102560E-01  0.607176E-02 -0.553296E-02
  0.684906E-03  0.463298E-02 -0.250638E-02
  0.202369E-02 -0.105357E-01  0.172532E-02
  0.397989E-02  0.827485E-02  0.122027E-01
 -0.559434E-02  0.370473E-02 -0.150374E-01
 -0.786728E-02  0.119278E-01 -0.144184E-01
  0.110002E-02  0.135411E-01  0.436561E-02
  0.309760E-02  0.229760E-02  0.205453E-01
  0.254833E-02 -0.131310E-02 -0.151510E-01
 -0.134942E-02 -0.506391E-02  0.164080E-01
 -0.152792E-01 -0.183708E-01  0.152362E-03
 -0.559548E-02 -0.572327E-02 -0.101602E-01
 -0.238281E-02 -0.432788E-02  0.575335E-03
 -0.314002E-02  0.127236E-01  0.347024E-02
 -0.557509E-02  0.139596E-01 -0.409029E-02
  0.314524E-02 -0.115094E-01  0.190120E-01
  0.347189E-02 -0.119085E-02  0.459584E-02
 -0.621363E-03  0.119021E-01  0.616241E-02
 -0.263918E-02  0.368537E-02  0.226802E-03
  0.580410E-02 -0.141270E-01 -0.258690E-02
  0.621414E-03  0.491242E-02  0.538075E-02
  0.160260E-02  0.172993E-02 -0.719462E-03
 -0.330310E-02 -0.127343E-01 -0.110733E-02
  0.164510E-02  0.679082E-02 -0.145521E-02
 -0.774300E-02 -0.105954E-01  0.102384E-01
  0.201103E-02  0.123333E-01  0.789180E-03
 -0.871287E-02 -0.541814E-02  0.215132E-02
 -0.943791E-02  0.338932E-03 -0.890064E-02
  0.196627E-01 -0.386938E-02 -0.262094E-02
  0.431420E-02 -0.136144E-01  0.622273E-02
 -0.106645E-01 -0.477728E-02  0.685156E-02
  0.347363E-02 -0.294079E-02  0.634472E-02
 -0.956229E-02  0.419033E-02  0.114125E-01
 -0.508474E-02 -0.216575E-01 -0.425675E-02
 -0.196571E-02 -0.361750E-02 -0.874840E-02
 -0.779305E-02  0.980825E-02 -0.143104E-01
  0.528973E-02 -0.137191E-02  0.546992E-04
  0.274562E-02 -0.376369E-02  0.182494E-02
 -0.988901E-02  0.849223E-02 -0.103344E-01
 -0.507443E-02 -0.240609E-02 -0.179577E-01
 -0.110970E-01  0.393835E-03  0.201649E-02
 -0.405374E-02  0.182033E-03  0.735971E-02
 -0.878144E-02 -0.174043E-02  0.502559E-02
 -0.105920E-01 -0.172053E-02  0.271433E-02
  0.991462E-02 -0.843018E-02  0.365615E-02
  0.732524E-02  0.454098E-02 -0.116739E-01
 -0.230096E-01  0.308211E-02  0.108953E-01
 -0.108788E-01 -0.567874E-02  0.166561E-03
  0.133324E-01 -0.766080E-02  0.389993E-04
 -0.308951E-02 -0.579112E-02 -0.128961E-02
  0.749525E-02 -0.490209E-02 -0.170301E-02
 -0.723097E-03  0.181595E-02 -0.681929E-02
 -0.338679E-02  0.268959E-02 -0.193594E-02
 -0.178740E-01 -0.134042E-01  0.373449E-02
  0.925782E-02  0.382557E-02  0.513822E-02
  0.797068E-03  0.687049E-02  0.822015E-02
  0.814772E-02  0.161327E-02  0.131763E-01
 -0.653056E-04 -0.333486E-02 -0.638019E-02
  0.313494E-02 -0.466335E-02 -0.128517E-01
 -0.378934E-02  0.416651E-02 -0.235425E-02
  0.685308E-02  0.528292E-02 -0.851473E-02
  0.448468E-02 -0.504754E-02  0.561363E-02
 -0.188229E-02  0.557298E-02  0.530015E-02
 -0.958624E-03  0.406934E-04  0.366442E-02
 -0.246036E-02  0.434527E-02  0.864599E-02
  0.893809E-02 -0.929228E-02 -0.728401E-02
  0.577639E-02  0.502028E-02 -0.922408E-03
  0.571226E-02 -0.323221E-02  0.242815E-02
  0.854389E-02 -0.294729E-02  0.515353E-02
 -0.294888E-02  0.777682E-02 -0.531191E-02
 -0.451554E-02  0.498374E-02 -0.684303E-02
