    Energy =  -1588553.3635476464 Hartree 

                             Cell [Bohr]                                  Stress [GPa]
                 7.50695431347929     0.00000000000000     0.00000000000000             0.00363      -0.00000       0.00296
                 0.00000000000000     7.50695431347929     0.00000000000000            -0.00000       0.00390       0.00000
                 0.00000000000000     0.00000000000000     7.50695431347929             0.00296       0.00000       0.00653

                             Cell [Angstrom]                                  Stress [GPa]
                 3.97250914521000     0.00000000000000     0.00000000000000             0.00363      -0.00000       0.00296
                 0.00000000000000     3.97250914521000     0.00000000000000            -0.00000       0.00390       0.00000
                 0.00000000000000     0.00000000000000     3.97250914521000             0.00296       0.00000       0.00653
    Pressure =         0.0046855661 GPa 
    Volume per formula unit =        62.6894874573 Ang**3 

                            Positions [Bohr]                             Forces [Hartree/Bohr]
     1   Ba       0.00000000000000     0.00000000000000     0.00000000000000        0.00014386291532    -0.00000000000000     0.00011307174903
     2   Ti       3.75347715673965     3.75347715673965     3.75347715673965        0.00009071535440     0.00000000000000    -0.00051404829501
     3   O        3.76683953831533     3.75347715673965     0.01336238157568       -0.00080637003331     0.00000000000000    -0.00081350030135
     4   O        3.75347715673965     0.00000000000000     3.75347715673965       -0.00003551665486    -0.00000000000000     0.00060719372367
     5   O        0.00000000000000     3.75347715673965     3.75347715673965        0.00060730841844    -0.00000000000000     0.00060728312366

                            Positions [Scaled sort of]                             Forces[eV/Angstrom]
     1   Ba       0.00000000000000     0.00000000000000     0.00000000000000        0.00739772789187    -0.00000000000002     0.00581438259950
     2   Ti       0.50000000000000     0.50000000000000     0.50000000000000        0.00466477066699     0.00000000000012    -0.02643342379943
     3   O        0.50178000038600     0.50000000000000     0.00178000038600       -0.04146521063578     0.00000000000000    -0.04183186372829
     4   O        0.50000000000000     0.00000000000000     0.50000000000000       -0.00182633966275    -0.00000000000011     0.03122315389802
     5   O        0.00000000000000     0.50000000000000     0.50000000000000        0.03122905173967    -0.00000000000000     0.03122775103019

                            Positions [asap Scaled   ]                            Forces again[eV/Angstrom]again
     1   Ba       0.00000000000000     0.00000000000000     0.00000000000000        0.00739772789187    -0.00000000000002     0.00581438259950
     2   Ti       0.50000000000000     0.50000000000000     0.50000000000000        0.00466477066699     0.00000000000012    -0.02643342379943
     3   O        0.50178000038600     0.50000000000000     0.00178000038600       -0.04146521063578     0.00000000000000    -0.04183186372829
     4   O        0.50000000000000     0.00000000000000     0.50000000000000       -0.00182633966275    -0.00000000000011     0.03122315389802
     5   O        0.00000000000000     0.50000000000000     0.50000000000000        0.03122905173967    -0.00000000000000     0.03122775103019
