    Energy =  -1588553.3635606642 Hartree 

                             Cell [Bohr]                                  Stress [GPa]
                 7.50695431347929     0.00000000000000     0.00000000000000             0.00872       0.00000       0.00000
                 0.00000000000000     7.50695431347929     0.00000000000000             0.00000       0.00198      -0.00000
                 0.00000000000000     0.00000000000000     7.50695431347929             0.00000      -0.00000       0.00198

                             Cell [Angstrom]                                  Stress [GPa]
                 3.97250914521000     0.00000000000000     0.00000000000000             0.00872       0.00000       0.00000
                 0.00000000000000     3.97250914521000     0.00000000000000             0.00000       0.00198      -0.00000
                 0.00000000000000     0.00000000000000     3.97250914521000             0.00000      -0.00000       0.00198
    Pressure =         0.0042270254 GPa 
    Volume per formula unit =        62.6894874573 Ang**3 

                            Positions [Bohr]                             Forces [Hartree/Bohr]
     1   Ba       0.00000000000000     0.00000000000000     0.00000000000000        0.00059229674004    -0.00000000000000    -0.00000000000000
     2   Ti       3.77237441798958     3.75347715673965     3.75347715673965       -0.00012327373145     0.00000000000000     0.00000000000000
     3   O        3.75347715673965     3.75347715673965     0.00000000000000        0.00012842202300    -0.00000000000000    -0.00000000000000
     4   O        3.75347715673965     0.00000000000000     3.75347715673965        0.00012842202300    -0.00000000000000    -0.00000000000000
     5   O        0.00000000000000     3.75347715673965     3.75347715673965       -0.00072586705460     0.00000000000000     0.00000000000000

                            Positions [Scaled sort of]                             Forces[eV/Angstrom]
     1   Ba       0.00000000000000     0.00000000000000     0.00000000000000        0.03045712026769    -0.00000000000002    -0.00000000000002
     2   Ti       0.50251730068691     0.50000000000000     0.50000000000000       -0.00633898958199     0.00000000000012     0.00000000000012
     3   O        0.50000000000000     0.50000000000000     0.00000000000000        0.00660372535456    -0.00000000000000    -0.00000000000010
     4   O        0.50000000000000     0.00000000000000     0.50000000000000        0.00660372535456    -0.00000000000010    -0.00000000000000
     5   O        0.00000000000000     0.50000000000000     0.50000000000000       -0.03732558139481     0.00000000000000     0.00000000000000

                            Positions [asap Scaled   ]                            Forces again[eV/Angstrom]again
     1   Ba       0.00000000000000     0.00000000000000     0.00000000000000        0.03045712026769    -0.00000000000002    -0.00000000000002
     2   Ti       0.50251730068691     0.50000000000000     0.50000000000000       -0.00633898958199     0.00000000000012     0.00000000000012
     3   O        0.50000000000000     0.50000000000000     0.00000000000000        0.00660372535456    -0.00000000000000    -0.00000000000010
     4   O        0.50000000000000     0.00000000000000     0.50000000000000        0.00660372535456    -0.00000000000010    -0.00000000000000
     5   O        0.00000000000000     0.50000000000000     0.50000000000000       -0.03732558139481     0.00000000000000     0.00000000000000
