    Energy =  -1588553.3635474441 Hartree 

                             Cell [Bohr]                                  Stress [GPa]
                 7.50695431347929     0.00000000000000     0.00000000000000             0.00176       0.00000      -0.00000
                 0.00000000000000     7.50695431347929     0.00000000000000             0.00000       0.00303      -0.00000
                 0.00000000000000     0.00000000000000     7.50695431347929            -0.00000      -0.00000       0.00303

                             Cell [Angstrom]                                  Stress [GPa]
                 3.97250914521000     0.00000000000000     0.00000000000000             0.00176       0.00000      -0.00000
                 0.00000000000000     3.97250914521000     0.00000000000000             0.00000       0.00303      -0.00000
                 0.00000000000000     0.00000000000000     3.97250914521000            -0.00000      -0.00000       0.00303
    Pressure =         0.0026095883 GPa 
    Volume per formula unit =        62.6894874573 Ang**3 

                            Positions [Bohr]                             Forces [Hartree/Bohr]
     1   Ba       0.01889726124994     0.00000000000000     0.00000000000000       -0.00115915813047    -0.00000000000000    -0.00000000000000
     2   Ti       3.75347715673965     3.75347715673965     3.75347715673965        0.00059229084386     0.00000000000000     0.00000000000000
     3   O        3.75347715673965     3.75347715673965     0.00000000000000        0.00020346387895    -0.00000000000000    -0.00000000000000
     4   O        3.75347715673965     0.00000000000000     3.75347715673965        0.00020346387895    -0.00000000000000    -0.00000000000000
     5   O        0.00000000000000     3.75347715673965     3.75347715673965        0.00015993952870    -0.00000000000000    -0.00000000000000

                            Positions [Scaled sort of]                             Forces[eV/Angstrom]
     1   Ba       0.00251730068691     0.00000000000000     0.00000000000000       -0.05960630238578    -0.00000000000002    -0.00000000000002
     2   Ti       0.50000000000000     0.50000000000000     0.50000000000000        0.03045681707372     0.00000000000012     0.00000000000012
     3   O        0.50000000000000     0.50000000000000     0.00000000000000        0.01046253239725    -0.00000000000000    -0.00000000000011
     4   O        0.50000000000000     0.00000000000000     0.50000000000000        0.01046253239725    -0.00000000000011    -0.00000000000000
     5   O        0.00000000000000     0.50000000000000     0.50000000000000        0.00822442051756    -0.00000000000000    -0.00000000000000

                            Positions [asap Scaled   ]                            Forces again[eV/Angstrom]again
     1   Ba       0.00251730068691     0.00000000000000     0.00000000000000       -0.05960630238578    -0.00000000000002    -0.00000000000002
     2   Ti       0.50000000000000     0.50000000000000     0.50000000000000        0.03045681707372     0.00000000000012     0.00000000000012
     3   O        0.50000000000000     0.50000000000000     0.00000000000000        0.01046253239725    -0.00000000000000    -0.00000000000011
     4   O        0.50000000000000     0.00000000000000     0.50000000000000        0.01046253239725    -0.00000000000011    -0.00000000000000
     5   O        0.00000000000000     0.50000000000000     0.50000000000000        0.00822442051756    -0.00000000000000    -0.00000000000000
