    Energy = -12708426.9085055888 Hartree 

                             Cell [Bohr]                                  Stress [GPa]
                15.01390862695858     0.00000000000000     0.00000000000000             0.00032       0.00000      -0.00000
                 0.00000000000000    15.01390862695858     0.00000000000000             0.00000       0.00037       0.00000
                 0.00000000000000     0.00000000000000    15.01390862695858            -0.00000       0.00000       0.00037

                             Cell [Angstrom]                                  Stress [GPa]
                 7.94501829042000     0.00000000000000     0.00000000000000             0.00032       0.00000      -0.00000
                 0.00000000000000     7.94501829042000     0.00000000000000             0.00000       0.00037       0.00000
                 0.00000000000000     0.00000000000000     7.94501829042000            -0.00000       0.00000       0.00037
    Pressure =         0.0003555824 GPa 
    Volume per formula unit =        62.6894874573 Ang**3 

                            Positions [Bohr]                             Forces [Hartree/Bohr]
     1   Ba       0.01889726124994     0.00000000000000     0.00000000000000       -0.00157938197667    -0.00000000000000    -0.00000000000000
     2   Ba       7.50695431347929     0.00000000000000     0.00000000000000        0.00044142267959    -0.00000000000000    -0.00000000000000
     3   Ba       0.00000000000000     7.50695431347929     0.00000000000000       -0.00012068805098    -0.00000000000000    -0.00000000000000
     4   Ba       7.50695431347929     7.50695431347929     0.00000000000000        0.00011065376308    -0.00000000000000    -0.00000000000000
     5   Ba       0.00000000000000     0.00000000000000     7.50695431347929       -0.00012068805098    -0.00000000000000    -0.00000000000000
     6   Ba       7.50695431347929     0.00000000000000     7.50695431347929        0.00011065376308    -0.00000000000000    -0.00000000000000
     7   Ba       0.00000000000000     7.50695431347929     7.50695431347929       -0.00003147003479    -0.00000000000000    -0.00000000000000
     8   Ba       7.50695431347929     7.50695431347929     7.50695431347929        0.00003036250140    -0.00000000000000    -0.00000000000000
     9   Ti       3.75347715673965     3.75347715673965     3.75347715673965        0.00007301857488     0.00023550103133     0.00023550103133
    10   Ti      11.26043147021893     3.75347715673965     3.75347715673965        0.00007505435055    -0.00023432060731    -0.00023432060731
    11   Ti       3.75347715673965    11.26043147021893     3.75347715673965        0.00007301857488    -0.00023550103133     0.00023550103133
    12   Ti      11.26043147021893    11.26043147021893     3.75347715673965        0.00007505435055     0.00023432060732    -0.00023432060731
    13   Ti       3.75347715673965     3.75347715673965    11.26043147021893        0.00007301857488     0.00023550103133    -0.00023550103133
    14   Ti      11.26043147021893     3.75347715673965    11.26043147021893        0.00007505435055    -0.00023432060731     0.00023432060732
    15   Ti       3.75347715673965    11.26043147021893    11.26043147021893        0.00007301857488    -0.00023550103133    -0.00023550103133
    16   Ti      11.26043147021893    11.26043147021893    11.26043147021893        0.00007505435055     0.00023432060732     0.00023432060732
    17   O        3.75347715673965     3.75347715673965     0.00000000000000        0.00005054699600    -0.00001330616845    -0.00000000000000
    18   O       11.26043147021893     3.75347715673965     0.00000000000000        0.00004564048138     0.00001753898623    -0.00000000000000
    19   O        3.75347715673965    11.26043147021893     0.00000000000000        0.00005054699600     0.00001330616845    -0.00000000000000
    20   O       11.26043147021893    11.26043147021893     0.00000000000000        0.00004564048138    -0.00001753898623    -0.00000000000000
    21   O        3.75347715673965     3.75347715673965     7.50695431347929        0.00000296431295    -0.00002731056432    -0.00000000000000
    22   O       11.26043147021893     3.75347715673965     7.50695431347929        0.00000257386460     0.00002699327798    -0.00000000000000
    23   O        3.75347715673965    11.26043147021893     7.50695431347929        0.00000296431295     0.00002731056432    -0.00000000000000
    24   O       11.26043147021893    11.26043147021893     7.50695431347929        0.00000257386460    -0.00002699327798    -0.00000000000000
    25   O        3.75347715673965     0.00000000000000     3.75347715673965        0.00005054699600    -0.00000000000000    -0.00001330616845
    26   O       11.26043147021893     0.00000000000000     3.75347715673965        0.00004564048138    -0.00000000000000     0.00001753898623
    27   O        3.75347715673965     7.50695431347929     3.75347715673965        0.00000296431295    -0.00000000000000    -0.00002731056432
    28   O       11.26043147021893     7.50695431347929     3.75347715673965        0.00000257386460    -0.00000000000000     0.00002699327798
    29   O        3.75347715673965     0.00000000000000    11.26043147021893        0.00005054699600    -0.00000000000000     0.00001330616845
    30   O       11.26043147021893     0.00000000000000    11.26043147021893        0.00004564048138    -0.00000000000000    -0.00001753898623
    31   O        3.75347715673965     7.50695431347929    11.26043147021893        0.00000296431295    -0.00000000000000     0.00002731056432
    32   O       11.26043147021893     7.50695431347929    11.26043147021893        0.00000257386460    -0.00000000000000    -0.00002699327798
    33   O        0.00000000000000     3.75347715673965     3.75347715673965        0.00013395625368     0.00000029775472     0.00000029775472
    34   O        7.50695431347929     3.75347715673965     3.75347715673965       -0.00009397098246    -0.00000017676458    -0.00000017676458
    35   O        0.00000000000000    11.26043147021893     3.75347715673965        0.00013395625368    -0.00000029775472     0.00000029775472
    36   O        7.50695431347929    11.26043147021893     3.75347715673965       -0.00009397098246     0.00000017676458    -0.00000017676458
    37   O        0.00000000000000     3.75347715673965    11.26043147021893        0.00013395625368     0.00000029775472    -0.00000029775472
    38   O        7.50695431347929     3.75347715673965    11.26043147021893       -0.00009397098246    -0.00000017676458     0.00000017676458
    39   O        0.00000000000000    11.26043147021893    11.26043147021893        0.00013395625368    -0.00000029775472    -0.00000029775472
    40   O        7.50695431347929    11.26043147021893    11.26043147021893       -0.00009397098246     0.00000017676458     0.00000017676458

                            Positions [Scaled sort of]                             Forces[eV/Angstrom]
     1   Ba       0.00125865034346     0.00000000000000     0.00000000000000       -0.08121507946977    -0.00000000000004    -0.00000000000003
     2   Ba       0.50000000000000     0.00000000000000     0.00000000000000        0.02269886482975    -0.00000000000003    -0.00000000000003
     3   Ba       0.00000000000000     0.50000000000000     0.00000000000000       -0.00620602855791    -0.00000000000000    -0.00000000000003
     4   Ba       0.50000000000000     0.50000000000000     0.00000000000000        0.00569004477374    -0.00000000000001    -0.00000000000003
     5   Ba       0.00000000000000     0.00000000000000     0.50000000000000       -0.00620602855791    -0.00000000000003    -0.00000000000001
     6   Ba       0.50000000000000     0.00000000000000     0.50000000000000        0.00569004477374    -0.00000000000003    -0.00000000000001
     7   Ba       0.00000000000000     0.50000000000000     0.50000000000000       -0.00161825411075    -0.00000000000001    -0.00000000000001
     8   Ba       0.50000000000000     0.50000000000000     0.50000000000000        0.00156130245897    -0.00000000000000    -0.00000000000001
     9   Ti       0.25000000000000     0.25000000000000     0.25000000000000        0.00375476575587     0.01210994886440     0.01210994886440
    10   Ti       0.75000000000000     0.25000000000000     0.25000000000000        0.00385944954078    -0.01204924902625    -0.01204924902624
    11   Ti       0.25000000000000     0.75000000000000     0.25000000000000        0.00375476575587    -0.01210994886417     0.01210994886441
    12   Ti       0.75000000000000     0.75000000000000     0.25000000000000        0.00385944954078     0.01204924902648    -0.01204924902624
    13   Ti       0.25000000000000     0.25000000000000     0.75000000000000        0.00375476575587     0.01210994886441    -0.01210994886417
    14   Ti       0.75000000000000     0.25000000000000     0.75000000000000        0.00385944954078    -0.01204924902625     0.01204924902648
    15   Ti       0.25000000000000     0.75000000000000     0.75000000000000        0.00375476575587    -0.01210994886417    -0.01210994886417
    16   Ti       0.75000000000000     0.75000000000000     0.75000000000000        0.00385944954078     0.01204924902648     0.01204924902648
    17   O        0.25000000000000     0.25000000000000     0.00000000000000        0.00259923081138    -0.00068423063196    -0.00000000000016
    18   O        0.75000000000000     0.25000000000000     0.00000000000000        0.00234692770766     0.00090189085452    -0.00000000000016
    19   O        0.25000000000000     0.75000000000000     0.00000000000000        0.00259923081138     0.00068423063196    -0.00000000000016
    20   O        0.75000000000000     0.75000000000000     0.00000000000000        0.00234692770767    -0.00090189085452    -0.00000000000015
    21   O        0.25000000000000     0.25000000000000     0.50000000000000        0.00015243108701    -0.00140436555857    -0.00000000000005
    22   O        0.75000000000000     0.25000000000000     0.50000000000000        0.00013235342778     0.00138805004011    -0.00000000000005
    23   O        0.25000000000000     0.75000000000000     0.50000000000000        0.00015243108701     0.00140436555858    -0.00000000000005
    24   O        0.75000000000000     0.75000000000000     0.50000000000000        0.00013235342779    -0.00138805004010    -0.00000000000005
    25   O        0.25000000000000     0.00000000000000     0.25000000000000        0.00259923081138    -0.00000000000016    -0.00068423063196
    26   O        0.75000000000000     0.00000000000000     0.25000000000000        0.00234692770767    -0.00000000000016     0.00090189085453
    27   O        0.25000000000000     0.50000000000000     0.25000000000000        0.00015243108701    -0.00000000000005    -0.00140436555858
    28   O        0.75000000000000     0.50000000000000     0.25000000000000        0.00013235342779    -0.00000000000005     0.00138805004011
    29   O        0.25000000000000     0.00000000000000     0.75000000000000        0.00259923081138    -0.00000000000016     0.00068423063196
    30   O        0.75000000000000     0.00000000000000     0.75000000000000        0.00234692770767    -0.00000000000015    -0.00090189085452
    31   O        0.25000000000000     0.50000000000000     0.75000000000000        0.00015243108701    -0.00000000000005     0.00140436555858
    32   O        0.75000000000000     0.50000000000000     0.75000000000000        0.00013235342779    -0.00000000000005    -0.00138805004010
    33   O        0.00000000000000     0.25000000000000     0.25000000000000        0.00688830691280     0.00001531116191     0.00001531116191
    34   O        0.50000000000000     0.25000000000000     0.25000000000000       -0.00483218177826    -0.00000908959941    -0.00000908959941
    35   O        0.00000000000000     0.75000000000000     0.25000000000000        0.00688830691281    -0.00001531116191     0.00001531116192
    36   O        0.50000000000000     0.75000000000000     0.25000000000000       -0.00483218177825     0.00000908959942    -0.00000908959941
    37   O        0.00000000000000     0.25000000000000     0.75000000000000        0.00688830691280     0.00001531116191    -0.00001531116191
    38   O        0.50000000000000     0.25000000000000     0.75000000000000       -0.00483218177825    -0.00000908959941     0.00000908959942
    39   O        0.00000000000000     0.75000000000000     0.75000000000000        0.00688830691281    -0.00001531116191    -0.00001531116191
    40   O        0.50000000000000     0.75000000000000     0.75000000000000       -0.00483218177825     0.00000908959942     0.00000908959942

                            Positions [asap Scaled   ]                            Forces again[eV/Angstrom]again
     1   Ba       0.00125865034346     0.00000000000000     0.00000000000000       -0.08121507946977    -0.00000000000004    -0.00000000000003
     2   Ba       0.50000000000000     0.00000000000000     0.00000000000000        0.02269886482975    -0.00000000000003    -0.00000000000003
     3   Ba       0.00000000000000     0.50000000000000     0.00000000000000       -0.00620602855791    -0.00000000000000    -0.00000000000003
     4   Ba       0.50000000000000     0.50000000000000     0.00000000000000        0.00569004477374    -0.00000000000001    -0.00000000000003
     5   Ba       0.00000000000000     0.00000000000000     0.50000000000000       -0.00620602855791    -0.00000000000003    -0.00000000000001
     6   Ba       0.50000000000000     0.00000000000000     0.50000000000000        0.00569004477374    -0.00000000000003    -0.00000000000001
     7   Ba       0.00000000000000     0.50000000000000     0.50000000000000       -0.00161825411075    -0.00000000000001    -0.00000000000001
     8   Ba       0.50000000000000     0.50000000000000     0.50000000000000        0.00156130245897    -0.00000000000000    -0.00000000000001
     9   Ti       0.25000000000000     0.25000000000000     0.25000000000000        0.00375476575587     0.01210994886440     0.01210994886440
    10   Ti       0.75000000000000     0.25000000000000     0.25000000000000        0.00385944954078    -0.01204924902625    -0.01204924902624
    11   Ti       0.25000000000000     0.75000000000000     0.25000000000000        0.00375476575587    -0.01210994886417     0.01210994886441
    12   Ti       0.75000000000000     0.75000000000000     0.25000000000000        0.00385944954078     0.01204924902648    -0.01204924902624
    13   Ti       0.25000000000000     0.25000000000000     0.75000000000000        0.00375476575587     0.01210994886441    -0.01210994886417
    14   Ti       0.75000000000000     0.25000000000000     0.75000000000000        0.00385944954078    -0.01204924902625     0.01204924902648
    15   Ti       0.25000000000000     0.75000000000000     0.75000000000000        0.00375476575587    -0.01210994886417    -0.01210994886417
    16   Ti       0.75000000000000     0.75000000000000     0.75000000000000        0.00385944954078     0.01204924902648     0.01204924902648
    17   O        0.25000000000000     0.25000000000000     0.00000000000000        0.00259923081138    -0.00068423063196    -0.00000000000016
    18   O        0.75000000000000     0.25000000000000     0.00000000000000        0.00234692770766     0.00090189085452    -0.00000000000016
    19   O        0.25000000000000     0.75000000000000     0.00000000000000        0.00259923081138     0.00068423063196    -0.00000000000016
    20   O        0.75000000000000     0.75000000000000     0.00000000000000        0.00234692770767    -0.00090189085452    -0.00000000000015
    21   O        0.25000000000000     0.25000000000000     0.50000000000000        0.00015243108701    -0.00140436555857    -0.00000000000005
    22   O        0.75000000000000     0.25000000000000     0.50000000000000        0.00013235342778     0.00138805004011    -0.00000000000005
    23   O        0.25000000000000     0.75000000000000     0.50000000000000        0.00015243108701     0.00140436555858    -0.00000000000005
    24   O        0.75000000000000     0.75000000000000     0.50000000000000        0.00013235342779    -0.00138805004010    -0.00000000000005
    25   O        0.25000000000000     0.00000000000000     0.25000000000000        0.00259923081138    -0.00000000000016    -0.00068423063196
    26   O        0.75000000000000     0.00000000000000     0.25000000000000        0.00234692770767    -0.00000000000016     0.00090189085453
    27   O        0.25000000000000     0.50000000000000     0.25000000000000        0.00015243108701    -0.00000000000005    -0.00140436555858
    28   O        0.75000000000000     0.50000000000000     0.25000000000000        0.00013235342779    -0.00000000000005     0.00138805004011
    29   O        0.25000000000000     0.00000000000000     0.75000000000000        0.00259923081138    -0.00000000000016     0.00068423063196
    30   O        0.75000000000000     0.00000000000000     0.75000000000000        0.00234692770767    -0.00000000000015    -0.00090189085452
    31   O        0.25000000000000     0.50000000000000     0.75000000000000        0.00015243108701    -0.00000000000005     0.00140436555858
    32   O        0.75000000000000     0.50000000000000     0.75000000000000        0.00013235342779    -0.00000000000005    -0.00138805004010
    33   O        0.00000000000000     0.25000000000000     0.25000000000000        0.00688830691280     0.00001531116191     0.00001531116191
    34   O        0.50000000000000     0.25000000000000     0.25000000000000       -0.00483218177826    -0.00000908959941    -0.00000908959941
    35   O        0.00000000000000     0.75000000000000     0.25000000000000        0.00688830691281    -0.00001531116191     0.00001531116192
    36   O        0.50000000000000     0.75000000000000     0.25000000000000       -0.00483218177825     0.00000908959942    -0.00000908959941
    37   O        0.00000000000000     0.25000000000000     0.75000000000000        0.00688830691280     0.00001531116191    -0.00001531116191
    38   O        0.50000000000000     0.25000000000000     0.75000000000000       -0.00483218177825    -0.00000908959941     0.00000908959942
    39   O        0.00000000000000     0.75000000000000     0.75000000000000        0.00688830691281    -0.00001531116191    -0.00001531116191
    40   O        0.50000000000000     0.75000000000000     0.75000000000000       -0.00483218177825     0.00000908959942     0.00000908959942
