 -2.84269680E-02  -1.54620337E-02   3.89507844E-03
 -2.52713568E-02  -8.50262598E-03   6.60748505E-03
 -1.01273516E-02   8.63560444E-03  -4.35746109E-02
 -3.19449883E-02  -2.94561841E-02  -2.19588407E-02
 -2.93406919E-02  -1.76542359E-02  -1.60582858E-02
 -3.41994298E-03  -4.49634903E-02  -3.62580544E-02
 -1.65492671E-02  -1.02627129E-02  -7.70185173E-03
 -2.41630072E-02  -1.78791384E-02   2.01802464E-02
 -2.29512498E-02  -2.25891584E-03  -1.99347320E-02
 -5.11705781E-02  -1.33938452E-02   1.65577481E-02
 -2.46414138E-02   6.84112921E-03  -2.97523783E-03
 -2.45379437E-02   1.38291863E-03  -1.38007615E-02
 -1.42109854E-02  -1.00430381E-02   2.29260011E-02
 -1.87056697E-02   3.07551476E-02  -3.18227736E-02
  1.62682672E-03  -9.75971414E-03   4.14634278E-02
 -3.45178443E-02  -4.24322645E-02   4.20410268E-02
 -4.35542851E-02   1.16566983E-02  -3.39438705E-02
 -2.27253472E-03  -2.29171757E-02  -2.32123417E-02
 -4.48166807E-02   4.67272620E-03  -3.19716547E-03
 -5.36339197E-02   2.06759475E-03   4.23220376E-02
  1.49043977E-03  -6.66362637E-02  -3.54247582E-02
 -1.77494566E-02  -1.44337813E-03  -3.91621892E-02
 -1.85137963E-02  -3.45779477E-02   6.61904642E-03
 -3.73646057E-02  -1.14818064E-02  -2.60550513E-02
 -3.72093456E-02  -1.68090540E-03  -1.87801735E-02
 -5.12810222E-02  -8.77488135E-03  -1.44100093E-02
 -1.11515460E-02   1.60454916E-02   4.51459354E-03
 -1.83209190E-01  -1.26802080E-01  -1.91141808E-01
 -2.11757428E-01   6.83201953E-02  -2.19536624E-01
 -1.87665196E-01  -2.04250430E-01  -1.75624872E-01
 -8.66495372E-02  -1.07841188E-01  -2.15077138E-01
 -1.95870817E-01  -1.86475501E-02  -2.74476310E-01
 -2.32708963E-01  -1.98800666E-01  -2.34113869E-01
 -2.55252759E-01  -6.10893387E-02  -2.34989343E-01
 -2.15347468E-01   8.78375354E-03  -2.39011120E-01
 -9.99403557E-02  -2.61026029E-01  -2.08350373E-01
 -1.83255973E-01  -1.18960549E-01  -2.19879736E-01
 -2.17634329E-01   1.11493317E-01  -2.25702858E-01
 -2.25991916E-01  -5.59222142E-02  -2.57401407E-01
 -9.65667742E-02  -9.38280571E-02  -2.62136046E-01
 -1.71494030E-01   1.00025491E-01  -2.45408989E-01
 -2.72691543E-01  -9.21454162E-02  -2.54276807E-01
 -2.52068008E-01  -1.28903617E-01  -1.78416670E-01
 -2.16518098E-01   1.50293637E-01  -1.43988516E-01
 -1.42792732E-01  -1.08002365E-01  -1.41898853E-01
 -1.94577532E-01  -8.42247566E-02  -2.55454398E-01
 -1.67721095E-01  -2.15711846E-01  -2.91202067E-01
 -2.13119735E-01  -6.08976722E-02  -2.58629828E-01
 -1.18374535E-01   3.33005880E-02  -2.30364533E-01
 -1.65018827E-01  -2.12267401E-01  -2.34734341E-01
 -2.38676349E-01  -9.46346577E-02  -2.58976803E-01
 -3.03169681E-01  -5.10488721E-02  -2.09130662E-01
 -1.99878016E-01  -2.01348410E-01  -1.83491993E-01
 -2.17835922E-01  -3.83134359E-02  -1.79423609E-01
  2.31347137E-02   2.27679221E-02  -1.87289881E-01
  3.81965221E-02  -1.18308707E-02  -2.13849118E-01
  3.37327196E-02   1.48045108E-02  -1.79280960E-01
  1.91830930E-02   1.81514262E-02  -2.10889146E-01
  2.56393790E-02  -3.01353566E-02  -2.70863537E-01
  2.05151404E-04   1.45672582E-02  -2.33395341E-01
  1.97794607E-02   2.39070182E-02  -2.20575582E-01
  1.66174301E-02  -1.06006297E-02  -1.87959294E-01
  1.55423281E-02   5.13181695E-02  -2.23704156E-01
  7.83074301E-03   6.09243300E-03  -2.24818891E-01
  2.53613792E-02  -6.00775317E-03  -2.01928996E-01
  3.29346830E-02   1.57620603E-02  -2.35047939E-01
 -2.20968107E-02  -1.84145996E-02  -2.45268321E-01
  1.23210772E-02  -3.05000787E-03  -2.16474724E-01
 -6.39610052E-03  -1.49887527E-02  -2.29430217E-01
  1.40905697E-02  -3.12657483E-03  -1.82391437E-01
  3.75370903E-04  -1.54003347E-02  -1.46375875E-01
  3.06584458E-02   7.75893271E-03  -1.40325023E-01
  2.46362527E-02  -3.42596691E-03  -2.20574139E-01
  2.95329466E-02  -1.72071215E-03  -2.40202609E-01
  3.14696947E-02   9.29835084E-03  -2.57998720E-01
 -1.58314889E-02  -1.39706767E-03  -2.78841057E-01
  3.36037196E-02   8.40667770E-03  -2.42920385E-01
  1.53425290E-02   5.30109768E-03  -2.44742677E-01
 -1.22957680E-03   2.90311149E-02  -2.03695221E-01
  2.58997999E-02  -7.32897091E-03  -2.05386158E-01
 -3.22488894E-02   4.41375780E-02  -1.53722772E-01
  1.09588141E-02  -1.02271027E-01   2.07098690E-02
  3.11073770E-02   5.25729038E-02   1.98175590E-02
  2.85106924E-02  -2.31139615E-01   2.48505962E-02
  2.25994084E-02  -1.22921153E-01   4.77273433E-02
  1.44422319E-02   5.01240914E-02   2.95851679E-02
  3.83193582E-02  -1.83475049E-01   2.04626160E-02
  2.74046689E-02  -6.01854145E-02   2.45723980E-02
 -2.03485683E-02  -4.22131918E-02   1.69393672E-02
 -4.31931343E-03  -2.36411810E-01   7.42847432E-02
  4.41058074E-03  -9.94699554E-02   2.81462418E-02
  1.74532648E-02   9.51316466E-02   2.00543850E-02
  1.36269341E-02  -5.77103774E-02   3.55711279E-02
 -2.47959961E-03  -8.86690996E-02   1.50039967E-02
  4.30949234E-02   8.86670612E-02   5.44432295E-02
  5.39763026E-03  -7.85409438E-02   2.19636096E-02
  2.57798948E-02  -8.63885387E-02   3.44812920E-02
  3.60529801E-02   9.04770549E-02  -1.05036270E-03
  3.05606929E-02  -1.00602112E-01   2.26454246E-02
  4.31134612E-02  -7.67143649E-02   1.25451266E-02
  3.44176683E-02  -1.83756279E-01   4.61244533E-02
  1.27820277E-02  -5.71510647E-02   1.75454824E-02
 -4.80900092E-03  -2.88702777E-02   2.85055881E-02
 -1.85600843E-02  -1.60767066E-01   2.98852565E-02
 -1.66664967E-02  -1.09638092E-01   2.99575375E-02
  1.53160125E-02  -6.50640612E-03   7.02400546E-02
  4.18074112E-02  -1.71176995E-01   1.98487542E-02
 -1.26303947E-02  -5.67210335E-02   3.51852243E-02
 -1.83034057E-01  -4.42940930E-03   3.11656400E-02
 -2.14550158E-01  -1.00595996E-02   1.17023978E-02
 -1.93967476E-01   2.45322133E-02   3.98793519E-02
 -1.11162182E-01   2.82838156E-02   5.68416119E-02
 -1.81179582E-01   7.89358590E-03   4.61906964E-02
 -1.90015251E-01   3.04657459E-02   2.20447873E-02
 -2.50373907E-01   2.32663957E-02   3.02151336E-02
 -1.69414898E-01  -1.01943893E-02   1.83601354E-03
 -9.42469718E-02   2.16085131E-02   3.99292584E-02
 -1.58236047E-01   8.99294614E-03   4.20101434E-02
 -2.35104498E-01  -2.21166376E-02   1.21722595E-02
 -2.02775513E-01   1.67512831E-02   1.81343490E-02
 -8.91013670E-02   2.15080280E-02   4.18289458E-02
 -1.66473975E-01  -1.33868725E-02   3.70724430E-02
 -2.13567710E-01   2.53632839E-03   5.18857771E-02
 -2.11059706E-01  -5.36578830E-04   2.73459113E-02
 -1.95740364E-01   3.96667502E-02   6.40913600E-03
 -1.43724833E-01   2.99771794E-02   3.99974256E-02
 -1.72694287E-01   4.75983035E-03   5.16014386E-02
 -1.90863280E-01   3.00030982E-02   1.65561553E-02
 -2.21168520E-01   4.47073867E-02   2.81546613E-02
 -8.14913855E-02   2.46490055E-02   3.14588454E-02
 -1.64141650E-01  -2.30455741E-02   3.19021046E-02
 -1.57528707E-01   3.56768263E-03   3.92322727E-02
 -2.67524771E-01  -2.11033738E-02   4.36435745E-02
 -1.70567425E-01   2.87234736E-02   5.09012650E-02
 -1.81692037E-01   1.50415827E-02   9.68665609E-03
