 -1.03075714E-02   8.48080589E-02  -4.91483885E-02
  1.73156852E-02   6.78319845E-02  -1.87042488E-02
 -6.06652505E-02  -9.31691090E-03   8.10517613E-03
 -2.32200259E-02  -2.61430981E-02   2.37358455E-02
 -2.89823294E-02   1.29646965E-01   3.31350001E-02
 -7.37580538E-02   1.48998534E-02  -1.54669514E-01
 -3.04622662E-02  -3.66583000E-02   6.77938283E-02
 -1.34629361E-01   1.38348231E-01  -4.10160579E-02
 -3.44677278E-03   1.03528623E-01   9.37193372E-02
  9.53921230E-03   7.29236519E-02   2.83944969E-02
  8.21472217E-02   5.21969407E-02   2.04315751E-02
 -1.18241743E-02  -1.89401865E-02   1.08313191E-01
  6.59067465E-02   2.07314883E-02   2.97528912E-02
 -1.26991902E-02   6.53481705E-02  -6.55278411E-02
 -4.73032819E-02   3.61577229E-02  -1.00096398E-01
 -1.03456567E-01   3.11563453E-02  -1.17043260E-01
 -1.78910575E-01   6.35093622E-02  -7.35129854E-02
  8.09151879E-02  -2.57570369E-02   1.28754828E-01
  1.62379857E-01   1.31219409E-02   1.04449768E-01
 -3.39535868E-02   3.72493499E-02  -3.65397776E-02
  9.82569130E-02  -3.48891782E-02  -1.89642650E-01
 -7.63600205E-02   6.92653974E-02  -9.55667444E-02
  2.94651552E-02   1.22253480E-01  -1.02689242E-01
 -6.54918026E-02   3.46315808E-02   7.42573498E-02
  2.08939406E-02   3.59102898E-02  -2.96996385E-02
  3.90293156E-02   2.17243212E-02   2.47932706E-01
 -5.68053398E-02   8.13168673E-02  -1.08058001E-01
 -3.41484158E-02  -2.16030495E-01  -1.83818901E-01
  1.21522902E-01   2.28162270E-02  -3.63663861E-01
 -2.19099057E-01   3.02942674E-01  -3.00053556E-01
 -6.60502320E-02   8.01066072E-02   1.78417562E-01
  8.86608980E-02   5.37912746E-02  -7.16080872E-02
 -2.38716538E-02   1.64690619E-01   7.70940920E-02
  2.83477850E-01  -7.99282476E-02   1.25759997E-01
  2.07148006E-02   5.83798765E-02   3.62059833E-01
  1.13308854E-01   1.78552127E-01   2.10366061E-01
  2.23289042E-01   3.07586477E-01  -1.54892906E-02
  2.77186542E-01   1.09876721E-02   4.36321659E-01
 -3.54324264E-01  -4.04682597E-01   1.84740346E-01
  1.33857871E-01   2.83273129E-01  -3.50976722E-01
  4.37338615E-02  -1.18042758E-01  -3.41042925E-01
 -3.04710848E-01  -3.84466210E-01  -2.90764435E-01
  2.08110293E-01   3.99190587E-01   3.71430319E-01
 -6.02841049E-03   1.07899759E-01   4.66395363E-01
  1.42897386E-01  -4.87283418E-01   3.34629541E-01
  4.01002322E-01   4.00070495E-01  -2.06367673E-01
  3.20282163E-01   1.69602007E-01  -2.28849323E-01
 -1.86437771E-01  -1.58846861E-01  -9.64801401E-02
 -8.80976381E-02   2.71198682E-01  -9.33619457E-02
 -7.17599847E-02   1.43983717E-01   9.35122628E-02
 -1.42128489E-01  -2.23645540E-01  -3.37380825E-02
  1.57373783E-01   2.04769051E-01   1.70241636E-02
 -1.34380679E-01   1.95862705E-01   1.33397789E-01
  2.02202887E-01  -1.98904949E-01   8.18218356E-02
  1.16875991E-02  -7.99563102E-03  -1.12030325E-01
 -2.22580554E-01  -3.10556720E-02  -2.79824512E-01
  1.68854590E-02  -5.01810879E-02  -3.84447236E-01
  5.70872882E-02   1.65891699E-02   1.88633504E-01
  3.28804227E-02   4.60861294E-02   4.61441585E-02
  6.84885490E-02  -6.14431305E-02  -6.97107256E-02
 -1.00561808E-01  -1.39554389E-01   1.17895726E-01
 -8.61419647E-02  -2.86199709E-02   1.42198336E-01
 -4.74035062E-02  -5.43742411E-02   3.84197124E-01
  6.46976206E-02   8.05059116E-02   7.57978071E-02
 -8.91622536E-02   2.10168264E-02   8.02537564E-02
 -6.11609549E-02  -8.34312790E-02   3.37084561E-01
  1.83974055E-02  -7.99989887E-02  -2.38033679E-01
  4.32581270E-02   1.44821692E-01  -2.97972118E-01
  3.00250394E-03   5.11814012E-02  -2.84935461E-01
 -8.97698762E-02  -2.78066325E-02   2.88099948E-01
 -5.09248344E-02   3.01064294E-03   3.22254456E-01
  5.02061305E-03   6.54717278E-02   3.80891680E-01
 -7.07575328E-03  -4.45787280E-02  -1.29778918E-01
  2.69779424E-02  -3.14291398E-03  -2.38402699E-01
 -2.12965950E-02  -4.55797571E-02  -2.66347912E-01
 -4.95729234E-03  -3.10599517E-02  -2.01644189E-01
 -6.76208666E-02   1.04424880E-02   1.04538925E-01
 -1.92681906E-02   5.67805769E-02   5.91106281E-02
  7.33134616E-02  -7.76998055E-02   7.01767362E-02
 -1.22272330E-02  -5.89134190E-02  -7.29357674E-03
 -4.88183620E-02  -4.36311640E-02  -3.80014866E-02
 -2.86906795E-02  -2.11329526E-01   3.03315646E-02
 -6.37505011E-02   2.65728661E-02  -1.06221031E-02
  5.86405497E-02   2.48043993E-01  -7.25833700E-02
  2.13472596E-02  -3.93469241E-02  -3.50272750E-03
  2.06464258E-02   1.82760109E-02   1.64780737E-02
 -3.79324724E-02   3.25561759E-01  -4.45307887E-02
 -3.77729039E-02   7.70974308E-02  -4.72454576E-03
  1.53528310E-03   2.17465025E-01  -1.86367463E-02
  1.50458577E-02   1.20735915E-01   3.06124050E-02
 -1.57783395E-01   3.88140277E-01   1.42848151E-02
  5.23638198E-02   2.60250892E-01   4.49446348E-02
  2.23959329E-02  -4.01528513E-01  -1.02322232E-01
 -4.54436060E-02   2.23935191E-01  -9.02814704E-02
 -7.17751693E-02  -4.82643186E-02   6.88727085E-02
 -4.36017068E-03  -3.60291010E-01   5.96790642E-02
  2.79874807E-02   2.95721350E-01  -1.55356756E-02
  8.65257748E-02  -1.77926311E-01   1.11651268E-02
 -1.08056329E-01  -3.15086245E-01  -2.96221205E-02
 -3.74582608E-02   3.01619051E-01  -3.79279881E-02
 -1.62041587E-02   1.86325390E-01   6.33270989E-02
  2.73628525E-02   7.40819604E-02   5.78405036E-02
  7.00708807E-02   3.82084907E-01   2.67377366E-02
  2.12289701E-02   1.61925721E-01   1.31419946E-02
 -1.04193496E-01  -2.72451913E-01   1.50990971E-01
  3.54667881E-02   2.28950648E-01  -2.67682881E-02
 -1.00636643E-01   1.64561066E-01  -6.06394237E-02
  9.46399204E-03  -1.98078910E-01  -1.87139738E-02
  2.17837751E-01  -1.90325325E-02   3.88054092E-02
  2.44485435E-01   3.52475590E-03  -8.27551269E-03
 -7.87941062E-02  -6.00944573E-02   1.36190818E-01
 -9.48752353E-02   6.21449600E-02  -2.89924181E-02
  3.52274215E-02  -2.21721901E-02   2.86786278E-02
 -3.11741887E-03   1.36948842E-01  -2.27446609E-02
  1.37969158E-01  -1.20007473E-01   5.03137697E-03
  9.55959222E-02   2.17101061E-02   2.56381487E-02
  5.14758648E-02  -9.40646588E-02   1.05999360E-01
  2.54864640E-02   1.31021668E-02  -4.53183420E-02
  2.21310541E-01   5.74299697E-02   1.72480000E-02
 -3.25498821E-01   2.88932838E-02  -3.45235695E-02
 -3.67006649E-02   2.49202806E-02  -3.35835591E-02
  1.06498318E-02  -1.73803015E-02   7.28672530E-02
 -2.21812247E-01   9.06668491E-02   5.74280521E-02
  3.35003670E-01   8.35017938E-02  -3.73366451E-02
  3.98505653E-02   2.43484826E-02  -7.69033902E-03
  2.40933010E-01   1.18612650E-02  -4.55858867E-02
  2.82307734E-01  -7.87118838E-02  -6.62689423E-02
  2.75749610E-01  -1.39702442E-01   1.10279865E-01
 -2.51016619E-01  -3.22655334E-02   1.22651617E-01
  2.49214355E-02   2.39000398E-02   2.40724451E-02
 -4.42920159E-02   1.05600786E-01  -2.74947309E-02
 -1.97058208E-01  -1.27205647E-02   3.64124567E-02
  2.29982048E-01  -8.48147007E-02  -3.82919229E-03
 -1.70334283E-01  -1.57636018E-01   6.29107945E-02
  2.42074554E-01  -6.16274928E-02  -6.25552409E-02
