  2.96306803E-02  -2.24890879E-02  -4.16333283E-02
 -3.55160592E-02  -5.93314967E-02  -2.33191201E-02
 -3.00293390E-03   5.77432905E-02   2.36634046E-02
  4.28419785E-02   7.21505011E-02  -2.61469437E-02
 -1.89577748E-03  -1.33826078E-01  -1.34821517E-02
 -2.26427479E-02  -4.06519313E-02  -3.48999430E-02
 -9.83719666E-02   5.73943958E-02   5.74882205E-02
  1.04938897E-01  -8.56503463E-03   2.15849263E-02
 -1.97548023E-02   8.53843016E-02   1.20722397E-02
 -4.01946513E-02   8.31199374E-02  -7.56784162E-02
 -2.94161365E-02  -7.55589511E-03   9.11538081E-03
 -3.81524050E-02  -1.56216813E-01  -1.52990046E-02
 -9.50050619E-03   2.49871905E-02   3.68064634E-02
  3.56503473E-02  -4.87469715E-02   1.92591387E-02
 -9.12867239E-03  -3.56981590E-03  -2.97802791E-02
  1.94171223E-02   4.43040142E-02   2.33684441E-02
 -4.46092874E-02   2.26860004E-02   5.57197376E-02
 -2.90285946E-03  -9.75285717E-02   1.62194291E-02
 -6.21481843E-02   3.56300365E-02   6.06733422E-02
  3.35985378E-02  -2.19145128E-02  -9.94058986E-02
  2.55721017E-03   2.66015657E-02  -4.01300343E-02
  2.70326796E-02  -1.60835603E-02  -8.56301911E-02
  1.32773645E-02   4.97164401E-02  -6.98744268E-03
 -3.23505105E-02   5.16118859E-02  -2.76556223E-02
  4.89394638E-02  -4.36548384E-03   1.33379263E-01
  7.67849580E-02  -7.48170439E-02  -4.58865210E-02
 -1.60667983E-02  -1.14120073E-01   9.94110635E-02
  7.43050410E-02   9.27506240E-02  -3.57839985E-01
  3.00485609E-01   4.73853838E-02  -2.91621938E-01
  5.65026485E-02  -2.01473830E-01  -1.81227219E-01
  3.47999599E-01  -7.25864261E-02  -1.87252193E-01
  3.71216212E-01  -8.14860736E-02  -2.61131398E-01
 -1.56481958E-01  -4.81111264E-02  -2.87735321E-01
  3.09757723E-01   1.39340358E-01  -1.22594768E-02
 -1.16807866E-01   2.37323443E-02   1.90434375E-02
  1.78347951E-01  -3.05215182E-01   1.74935100E-01
  1.73532179E-01   2.11704683E-02  -2.53762144E-01
  1.68533390E-01  -1.33204696E-01  -3.28486341E-01
  1.41570277E-02   1.29373133E-01  -4.60877597E-01
  2.31750379E-01   1.41521791E-01  -4.10554191E-02
  2.48903045E-01  -1.67214134E-02  -1.55023228E-01
 -1.96358087E-01   3.01443134E-01  -6.26560196E-02
  2.11876947E-01   1.13507445E-01   7.77362908E-03
  2.21716999E-02  -1.20226459E-01  -2.61286091E-02
  2.45618475E-01   2.82787503E-01  -1.56586947E-01
 -1.66669698E-02  -1.17554988E-01  -3.11207321E-01
  3.08856977E-01  -3.55166092E-02  -1.08257554E-01
  2.39500289E-02   2.13511021E-01  -2.14241311E-01
  3.60521808E-01  -1.13505687E-01   1.33866841E-01
  3.71504649E-01  -4.66298570E-02   7.86680336E-02
 -2.96121280E-01   3.42479323E-01   8.96901043E-03
  1.28566820E-01  -1.44062712E-01  -2.31217100E-01
  2.52697636E-01  -7.03116933E-02  -2.61297719E-01
  2.04488603E-01   2.17428214E-01  -2.57218257E-01
  5.05553495E-02   2.12327728E-02  -2.85852169E-01
 -1.98446149E-02   1.67428956E-02  -2.46376886E-01
 -6.02816715E-02   5.85956481E-04  -1.12024395E-01
  3.04039391E-02   2.12964984E-02  -2.10469800E-01
 -6.17092145E-03  -5.05238561E-02  -2.45206893E-01
 -8.91674587E-04   3.43216683E-02  -2.50381309E-01
  4.73847022E-02   5.16490998E-02   3.56591117E-02
 -8.56970964E-02  -5.51438317E-02  -1.11214557E-01
 -3.16796837E-02   2.99285791E-03   1.04994537E-01
  1.31454951E-02  -1.11924937E-01  -2.51533343E-01
 -9.07866361E-02  -5.21100598E-02  -2.45995620E-01
 -2.43725013E-02  -3.48969113E-02  -4.11199166E-01
 -3.89036377E-02  -2.64135980E-02  -5.20000380E-02
 -8.16536565E-02   1.27618705E-02  -1.76950839E-01
 -5.41092235E-03  -1.43659327E-02   1.06318700E-02
 -5.64507262E-02   5.02382932E-03  -6.82392108E-02
 -1.92315318E-02  -2.35918490E-02   5.90435514E-02
 -2.70832344E-02   7.69811219E-03  -1.53014788E-01
  2.92950740E-02  -6.39946853E-02  -3.17827433E-01
 -5.22585865E-02   2.69126215E-03  -1.26479522E-01
  7.80804715E-02  -4.89477755E-02  -1.44534713E-01
 -1.08830193E-04  -1.22037587E-02   1.24147472E-01
 -3.43135036E-02   5.16417700E-02   4.28395717E-02
 -2.59526011E-02   5.40621364E-02   7.71063625E-02
 -2.19340758E-02   2.38616057E-02  -2.06259827E-01
  1.13706098E-02  -2.52401622E-02  -2.48389538E-01
  1.23291873E-01  -2.93987731E-02  -2.66237688E-01
 -5.63772513E-02   1.55521545E-01  -1.68835441E-02
 -7.26593724E-02   2.51068675E-02   4.24036720E-02
 -3.07745913E-02  -2.39969195E-01   2.09193480E-02
 -7.81946649E-03  -5.25308184E-02   4.36322773E-03
  5.57123818E-02  -1.02882171E-01   3.88021117E-02
  9.49931856E-02  -5.43245722E-04   6.26183914E-02
 -4.93525257E-02   1.29831430E-01   1.51209392E-02
  1.56811941E-02   2.39606133E-02   4.38818588E-02
 -1.25022088E-02  -2.99906404E-01   3.48638822E-02
 -2.85732632E-02   1.44730920E-01  -4.98429829E-02
 -6.53019816E-02  -1.09688937E-01   3.13395818E-02
  3.78521015E-02   1.64224228E-01  -1.99679476E-02
 -1.90045298E-02   9.56767411E-02   6.11675560E-02
 -1.79998600E-02  -1.77322706E-02  -5.13605189E-04
  5.88844943E-03   1.64887847E-01  -1.73282853E-02
 -9.01008890E-03   1.46649533E-01   6.78565363E-02
 -6.39714954E-02  -8.92142943E-02   2.30930371E-02
  3.79900937E-02   3.00465500E-01  -4.74705277E-03
 -1.72089035E-02  -6.31943737E-02  -5.98798299E-02
  5.70448185E-02  -1.81547478E-02   5.20384595E-02
  1.95690818E-02   2.25463387E-01   5.56978327E-02
 -2.34410372E-02  -8.83862093E-02   2.79367061E-02
 -4.01955817E-02  -4.46993183E-02   3.99165748E-02
 -3.51879517E-02   2.77642029E-01   7.18613736E-02
 -7.79100335E-02  -1.93544236E-01   2.51332697E-02
  8.68834045E-02  -1.29027654E-01   1.41719623E-02
  1.18782329E-02   2.91562816E-01  -4.28814970E-02
 -3.91257929E-02  -2.56890086E-02   5.05360701E-03
  2.41920478E-01  -4.51059738E-02   2.94722689E-02
  6.42145236E-02  -1.08264626E-01  -4.34274026E-02
  3.88706327E-01  -2.58111771E-02   2.04870520E-02
  3.12908399E-01   4.37132140E-02  -1.52737816E-02
 -1.65602320E-01   8.63496670E-02  -2.83945574E-02
  1.70211053E-01  -2.10032953E-02   3.80641039E-02
  8.18044272E-02   2.10529655E-02   3.55835185E-02
 -1.84632621E-02   3.83336584E-03   2.69968019E-02
  1.06035564E-01  -2.09758569E-05  -2.49282431E-03
  2.42375256E-01   2.87115542E-02  -6.34706704E-02
  3.80905646E-02  -1.64066015E-02   5.73087131E-03
  2.86885706E-01  -5.64256763E-02   2.45815662E-02
  2.33881528E-01   5.00843535E-04   5.36141486E-02
 -1.78138928E-01  -1.16502370E-02   1.37336198E-02
  3.74126695E-01  -2.20163530E-02   3.82223856E-02
 -1.11308612E-01  -6.71257571E-02   2.99703045E-02
  1.94773376E-01  -3.25205930E-03   4.37370117E-02
  3.53840468E-02  -6.07201379E-02   4.20233264E-02
  2.06748729E-01   3.89474743E-02   4.86515234E-03
  9.58123073E-03  -5.53673974E-02  -9.29412106E-04
  2.93091558E-01   6.40187400E-02   3.09512186E-02
  2.89762685E-01  -2.34893427E-02  -6.70715676E-03
 -2.58115297E-01  -4.46310445E-02  -5.28580661E-02
  1.76392210E-01  -1.02217158E-02   2.38057492E-02
  1.74747278E-01   5.81550437E-03  -2.07330836E-03
  1.75234809E-01   9.81318403E-03   6.18433814E-02
