 -1.49304896E-02  -5.19392929E-02   7.03055163E-02
 -6.56498758E-02  -3.66352852E-03  -2.86331037E-02
  5.80806160E-02   6.78599217E-03   3.97512831E-02
  1.37278392E-02  -2.25599615E-02   3.42853570E-02
 -2.41313916E-02   1.16349047E-02   2.02658778E-02
 -1.34214674E-02   1.01328112E-01  -3.56949002E-02
  1.25039900E-02   3.73595788E-02  -6.90612688E-02
 -8.28590737E-03   2.66729896E-02  -2.22884289E-02
 -9.23374239E-02   1.09565982E-02  -1.25961187E-02
 -4.77399123E-02  -6.58487383E-02   5.32542511E-03
 -1.97883385E-02   3.43387442E-02   8.51129245E-02
 -2.47146881E-02   9.36059570E-02  -8.06633807E-02
 -3.22431669E-02   1.39796816E-01  -2.11404619E-02
 -1.03994515E-01  -5.07650317E-03   1.39014633E-02
  1.79031409E-02   4.52193078E-02   7.72760926E-03
 -2.25821659E-02   2.39221142E-02   3.14818517E-02
  7.09715642E-02  -5.80389209E-02   3.55134209E-02
 -3.42657658E-03   6.82922488E-02   4.74389343E-02
  9.18102244E-03   6.23169494E-02  -2.83028157E-02
  1.01781327E-02   5.94017787E-02   6.44049125E-02
  4.17233454E-02  -2.91351574E-02  -2.12566765E-03
  4.52854194E-02  -5.79515211E-03  -2.53193982E-02
 -1.25931623E-01   2.92877268E-02   2.63948079E-02
  3.10573543E-02  -6.64784798E-02   6.04290300E-03
 -5.28341106E-02   1.75380498E-02   3.93482836E-02
 -2.36272355E-02   3.34297496E-02  -4.11900587E-02
 -1.43997029E-02   6.47487296E-02   1.29989176E-03
 -1.19847215E-01   2.42133413E-01   1.24989431E-01
 -7.67224583E-02   1.49097799E-01   1.26566931E-01
  1.94295034E-01  -1.78447179E-01   2.01236694E-01
 -2.37110081E-01   3.70317770E-01  -6.59654269E-02
 -2.74500084E-01   5.33447263E-02  -1.66913934E-01
 -1.93941221E-01  -1.11064396E-01  -1.28655416E-01
 -3.36770593E-01   2.69929467E-01   1.27146727E-01
  1.23168212E-01   2.42134338E-01   9.08968389E-02
 -6.11202116E-02  -1.46743479E-01   1.96501538E-01
 -1.40615281E-01   3.05899417E-01   1.31178920E-01
 -1.16504450E-01  -2.21351973E-01   9.16213000E-02
  1.74720650E-01  -1.21937964E-01   1.75629041E-01
 -2.13028275E-01   3.40692488E-01   1.52137301E-01
 -2.22213302E-01   1.07247382E-03  -1.13397807E-03
 -2.62084480E-01  -1.35349943E-01  -5.44283441E-02
 -3.32715906E-01   3.16710564E-01  -1.42308956E-01
  1.27876888E-01  -4.88882680E-02  -2.65753448E-01
 -1.85945556E-01  -2.94119509E-01  -4.19217005E-02
 -1.13781574E-01   7.19159895E-03   1.10936142E-01
 -1.54094524E-01   1.96427666E-01   1.79319588E-01
  1.35425633E-01  -9.86401006E-02   1.64467590E-01
 -1.36514810E-01   1.05035006E-01  -3.73350164E-01
 -1.92743043E-01   2.49825152E-01  -2.55805227E-01
 -2.69573640E-01  -1.14844813E-01  -3.49083685E-01
 -3.14206363E-01   5.02195320E-02  -4.69865044E-02
  1.18548365E-01   3.39280071E-01   1.96653873E-02
 -2.06824015E-01  -1.10299600E-01  -2.34919171E-02
 -1.57452813E-02  -4.90154909E-02   1.06714840E-01
 -2.80507193E-02  -1.55143827E-02   8.94103353E-02
  3.97137979E-02  -2.27628098E-02   1.33424506E-01
  8.77624741E-02  -1.18386852E-02  -5.23310883E-02
  2.79714441E-02  -7.95767974E-02  -1.07312585E-01
  1.58004437E-02   3.92001781E-03  -1.20887366E-01
  3.81567416E-02  -7.31940850E-02   1.18795476E-01
 -1.66207215E-02   4.37158628E-03   1.09284497E-01
  2.85502859E-02   2.55684778E-02   3.22538593E-02
  5.91841892E-02  -1.56435386E-02   1.60318371E-01
  4.31539537E-03  -6.14484725E-02   6.27176908E-02
 -5.60963585E-02   4.85109194E-02   1.60035936E-01
 -3.80880729E-02   1.64451554E-02   9.84603815E-02
  6.01646555E-03   5.20174318E-02   9.49352153E-02
  1.59818853E-02   3.14329207E-02  -6.86104695E-02
 -1.60100152E-02  -9.75427298E-03  -7.50162204E-02
  2.34415456E-02   2.50379432E-02  -2.47040170E-01
  4.94996819E-03  -2.02757660E-02  -8.63432843E-02
  2.60171002E-02  -4.08059026E-02   1.52273483E-01
  1.36960438E-02  -4.91479993E-02   1.03301108E-01
 -9.28837234E-03  -4.71341885E-02   1.42274498E-01
  7.79423165E-02  -3.28908594E-02  -3.34677060E-01
  5.56326909E-02   1.12174119E-02  -2.96070720E-01
  1.61600554E-02   1.49167374E-02  -2.54358055E-01
  1.61187235E-02  -6.81025368E-03  -8.93230337E-02
  5.18265980E-02   9.95426413E-03  -3.72062819E-03
 -2.89122605E-02  -3.74876254E-02   4.76064050E-02
 -1.54776289E-02   2.18805832E-01   8.69997772E-03
  1.19400268E-02   2.13559020E-01   1.18115232E-02
 -3.90121506E-03  -5.48669121E-02   3.23111873E-02
  6.08173999E-02   2.52341476E-01  -7.84211397E-03
  2.02006696E-02   1.65638518E-01  -4.92881559E-02
  4.70366471E-02  -6.67957743E-02  -7.14347436E-03
  2.02715891E-02   3.16647338E-01   1.40178285E-02
  4.92573591E-02   1.36275804E-01   6.37075758E-03
  3.00837395E-02  -6.86655994E-02   6.22605695E-02
 -2.66753002E-02   3.40589941E-01   5.34081377E-02
 -1.70736925E-02  -1.70588525E-01  -4.27181315E-02
 -3.53438301E-02  -1.25842615E-01   1.65988037E-02
  7.05885006E-03   3.03255262E-01  -2.62497781E-02
 -5.09902961E-03  -1.08720729E-01   7.59851101E-03
  6.42278983E-02  -1.00107852E-01  -4.06983871E-02
  1.16947351E-02   2.33102230E-01   3.14566102E-02
 -1.84460029E-02   3.69587825E-02  -6.99710634E-03
  7.17089599E-03  -2.39960370E-01  -3.88339003E-04
  3.25771802E-02   4.51358957E-03  -2.19821134E-02
 -8.90464611E-02   2.76047265E-01  -2.05506261E-02
 -1.09695999E-02   1.34360015E-02  -2.89159026E-03
  4.34640850E-02   9.24825577E-02  -1.61089407E-02
  3.90195948E-02   2.18296151E-01   3.80761411E-02
 -2.50248425E-02  -5.24588822E-02  -1.45345233E-02
  2.93162574E-02   4.38259653E-02   4.74913457E-02
  3.77947799E-02   2.13578932E-01   5.09185851E-02
  2.02848178E-02  -3.31000492E-02  -1.87081236E-02
 -9.50454970E-02  -6.38963601E-02  -1.66150065E-02
 -1.71910925E-01  -2.32200367E-02  -1.61899881E-02
  1.64002141E-01  -6.97461133E-02   1.46751555E-02
 -2.36729553E-01   3.02108625E-02   2.54116553E-02
 -2.42885183E-01  -5.98420828E-02   2.06187991E-02
 -2.18916164E-01   1.76342302E-03  -4.45737570E-02
 -2.82000796E-01  -3.80552116E-02   3.07915903E-03
  1.20928271E-01  -3.02141913E-02  -3.82673854E-02
 -9.41452280E-02  -4.61496154E-02   3.61475383E-02
 -1.32089687E-01  -3.41114559E-02   4.17376120E-02
 -4.12583120E-02  -1.92539164E-02   1.01492714E-03
  1.68881019E-01  -4.02276780E-02  -4.18584456E-02
 -2.08766581E-01   1.34950998E-02  -2.11998054E-02
 -1.99932728E-01   1.75881543E-02  -1.55017924E-02
 -2.22415184E-01   7.27471048E-02   5.27186406E-03
 -2.68315823E-01  -4.37452495E-02  -1.54366696E-02
  5.19287799E-02   4.28800756E-03   2.04636726E-02
 -1.24306132E-01   1.33116548E-03   4.49022860E-02
 -1.45705483E-01  -5.28634358E-02   1.85242080E-02
 -1.20808529E-01  -7.78492106E-02  -1.79057015E-02
  1.39251859E-01   3.13865574E-03  -1.76754020E-02
 -1.53947072E-01   5.40085584E-03   5.75177125E-02
 -1.62297057E-01  -2.98756772E-02   4.63022065E-02
 -2.62519978E-01  -6.00170571E-02   9.29357178E-03
 -2.55059561E-01  -3.97552023E-02   4.75151154E-02
  1.12062305E-01   3.36218688E-02   8.17684726E-03
 -2.11540266E-01  -7.18369983E-02   2.29712740E-04
