 -7.52312866E-02   6.54953969E-02   2.00516787E-03
 -7.65262479E-02   3.86440189E-02   7.33601709E-03
 -5.49845128E-02   7.57994938E-02   1.82638625E-02
 -6.34046230E-02   4.13160892E-03   3.62856137E-02
 -1.01107943E-01   5.02951494E-02   1.15462193E-02
 -3.54389082E-02   2.43330172E-02   2.25647068E-03
 -9.21982328E-02   3.09340905E-02   3.83472239E-02
 -7.80687475E-02   1.66176309E-02   3.07740891E-02
 -7.83979704E-03   6.29406496E-02   2.57312934E-02
 -4.29297593E-02  -3.82189110E-02  -3.13036273E-02
 -3.78277938E-02   1.91519226E-02  -1.03642686E-02
 -5.61465590E-02   3.81488476E-02   2.36770969E-02
 -5.32712559E-02   1.04131183E-02   3.76091272E-02
 -7.99313503E-02   3.18709128E-02   4.65402625E-02
 -4.50489358E-02   2.00381174E-02   2.73613901E-02
 -2.85516293E-02   1.63748569E-03   2.13548097E-02
 -3.47883723E-02   2.33559792E-02   1.06475439E-02
 -3.11806536E-02  -5.97683340E-03  -5.64810806E-03
 -3.44187749E-02   2.48899997E-02   2.96051077E-02
 -3.54865858E-02   2.76197198E-02   4.22149597E-03
 -3.66333604E-02   7.10717940E-02   7.31690831E-03
 -5.38183931E-02   8.15705673E-03   1.25346018E-02
 -7.23340718E-02   2.00474117E-02   5.51034920E-02
 -3.01956398E-02   3.91301483E-02   3.81650534E-02
 -4.46456901E-02   2.81291792E-03  -9.37379143E-03
 -8.28375310E-02   2.07836844E-02   1.79813083E-02
 -1.24100977E-02   3.41087530E-02   1.21774858E-02
 -2.20071766E-01   1.55643530E-01  -3.32240869E-02
 -2.06836634E-01   7.16787462E-02  -2.04947632E-01
 -1.44833261E-01   1.88485002E-01  -9.84990333E-02
 -3.01180491E-01   2.10186415E-01  -9.69637147E-02
 -1.55275006E-01   1.02940166E-01  -8.56617134E-02
 -1.77997358E-01   2.05531351E-01  -9.52323633E-02
 -1.35083617E-01   1.11711542E-01  -1.62590711E-01
 -1.94635637E-01   1.06295555E-01  -1.49194324E-01
 -2.87900082E-02   2.28549426E-01  -1.94155562E-01
 -2.19742037E-01   1.88256132E-01   1.87928442E-01
 -2.22546678E-01   1.22670875E-01   2.15654137E-01
 -1.97837927E-01   6.20659900E-02   1.80993495E-01
 -3.76367573E-01   2.03008260E-01  -2.35523136E-01
 -1.77458206E-01   1.83175744E-01  -2.26864644E-01
 -1.70519069E-01   1.22551210E-01  -2.03920645E-01
 -2.51223267E-01   2.20417574E-01  -1.54783102E-01
 -1.64737488E-01   1.15791503E-01  -1.91291715E-01
 -2.62574780E-02   3.41531675E-02  -1.70818011E-01
 -1.37285791E-01   1.49401843E-01   4.25123816E-02
 -2.42108926E-01   2.04578770E-01   6.15302744E-02
 -9.39079763E-02   2.21282178E-01  -2.80397209E-02
 -3.49250911E-01   1.81984532E-01  -2.08664302E-03
 -1.73324837E-01   2.43469491E-01  -3.51945127E-02
 -1.63817260E-01   2.04736264E-01   1.68487613E-02
 -2.29539117E-01   1.84446796E-01   4.74950224E-03
 -1.82098497E-01   1.91259627E-01  -7.36032640E-03
 -2.89769339E-03   2.63558911E-01  -3.37919117E-03
 -1.95440098E-02  -1.70353857E-02  -2.09722035E-02
  2.81603357E-02  -2.26545172E-02  -1.78303555E-01
 -6.16645134E-05  -1.05438456E-02  -1.79984540E-01
  5.03663211E-02  -2.50827120E-03  -9.84751709E-02
 -3.79140164E-03  -8.17100566E-03  -8.81244956E-02
  3.20620098E-02   5.87917823E-03  -7.87839482E-02
  1.57413331E-02  -1.16613804E-02  -1.84917211E-01
  1.47615362E-02   1.00101607E-02  -1.33884085E-01
  6.59131834E-03  -2.11793138E-04  -1.70687950E-01
  4.13729260E-02  -9.44144575E-03   1.44007919E-01
  3.17967192E-02  -7.89684678E-04   1.37574402E-01
  2.22245422E-02  -1.49978216E-02   2.05772164E-01
  1.92713423E-02   1.96271047E-02  -1.71495771E-01
  8.32961249E-03   2.21464625E-02  -2.01354311E-01
  2.04649696E-02   1.65038621E-02  -2.02712686E-01
 -1.84776475E-02  -2.90664902E-02  -1.65689629E-01
 -4.51140437E-03   1.68472672E-03  -1.64098335E-01
  1.12671306E-02  -3.14355186E-02  -1.93071862E-01
  3.88029299E-02  -3.08137186E-02  -8.14550267E-03
  3.30335606E-02  -3.70294017E-02   5.89324869E-02
  4.15795539E-03  -2.94362791E-02   1.78758033E-02
  3.48732424E-02  -1.52461902E-02  -1.03501852E-02
  2.32039401E-02   6.99073973E-04  -2.30432667E-02
 -1.35713876E-03  -4.62908872E-02  -3.29375538E-02
 -3.10299527E-02  -6.25612535E-04  -8.26205678E-03
 -2.57642459E-04  -1.63254522E-02  -2.12287766E-02
  2.23779092E-02  -2.13924208E-02  -3.13966600E-03
  3.00725348E-02   9.77166166E-02   5.09965960E-02
  4.76001683E-03   7.85080416E-02   1.98623802E-02
 -1.95464355E-02   1.95283338E-01   2.86776755E-02
  9.30220614E-03   1.97280037E-01   3.54622495E-02
  8.41240913E-03   7.41394446E-02   2.81327706E-02
  1.95607698E-02   1.75507014E-01   2.57815463E-02
  1.40514341E-02   1.49223257E-01   1.46977775E-02
  1.78565405E-02   9.36483778E-02   3.40424119E-02
  2.15775490E-03   1.57303918E-01   1.60656575E-02
  9.43475430E-04   1.99745107E-01   2.60637050E-02
  3.00273460E-02   1.12341763E-01  -9.79926441E-05
 -1.78215213E-02   4.73799552E-02   8.58140343E-03
 -5.63749287E-03   1.50068218E-01   1.15034656E-02
 -7.25848435E-03   1.13776357E-01   1.34786178E-02
 -1.05804383E-03   8.93213137E-02   2.44281390E-02
 -1.92810993E-02   1.40834115E-01   2.62409280E-02
  1.39834458E-02   1.28943603E-01   2.62376207E-02
 -8.07933439E-03   7.81359218E-02   5.22320731E-02
  2.30618971E-02   1.55147759E-01   2.13040537E-03
  1.81648860E-02   1.99266411E-01  -4.09477903E-03
 -6.18063881E-03   2.53428457E-01  -1.45518858E-03
  4.72942818E-02   1.46981820E-01  -1.08465375E-03
  1.83247990E-02   2.27989107E-01   3.75385541E-02
  1.16555568E-02   2.09242950E-01   1.22343633E-02
 -1.16550949E-02   1.45380787E-01   1.39766392E-02
 -7.52436740E-03   2.30211600E-01  -1.39921772E-02
  1.51406855E-02   2.06340347E-01   1.36808864E-02
 -2.09199675E-01  -2.11353612E-02   1.59037577E-03
 -1.97497600E-01  -8.52480497E-03   2.56124028E-02
 -8.20370863E-02  -5.46148166E-02   1.44772376E-02
 -2.83965573E-01  -1.32068806E-02   5.00059448E-02
 -1.76081013E-01  -1.73147805E-02  -4.10898719E-04
 -1.81694842E-01  -2.12082776E-02   2.99214392E-02
 -1.29656155E-01  -1.41598238E-02   2.71646200E-02
 -1.84909101E-01   1.61326414E-02   4.46966689E-02
 -1.60716665E-02  -8.73062642E-03  -6.26169041E-04
 -2.30227557E-01  -3.29436265E-02   3.12674973E-02
 -1.93330832E-01   1.32535931E-03  -1.79703559E-02
 -1.95250493E-01   4.44637699E-04  -1.54288200E-02
 -2.89739989E-01   7.59375485E-03  -1.06242788E-02
 -1.69059648E-01  -8.45834287E-03   2.44928899E-02
 -1.58666562E-01   1.05516022E-02   1.27594893E-02
 -1.69276490E-01  -1.60541037E-02   2.59177846E-02
 -1.73450071E-01  -1.37589249E-02   1.90998874E-02
 -3.99557632E-02   4.83668816E-03   2.12586629E-02
 -1.82596362E-01  -3.46376362E-02   1.42049101E-02
 -2.34894758E-01  -4.29505544E-02   8.55009266E-03
 -1.16591833E-01  -2.70611639E-02   2.17462457E-03
 -3.25149920E-01   2.94283999E-02   2.42338361E-02
 -1.61314134E-01   6.24811900E-03   1.92896100E-02
 -1.63931320E-01  -1.07982193E-02   2.85719865E-02
 -1.90981744E-01  -7.22026559E-03   3.62372165E-02
 -1.69937155E-01  -2.20586314E-02   2.89890653E-02
  1.53414958E-02  -5.64515004E-03   3.81486101E-02
