 -1.24775288E-02   1.12023121E-02  -5.40658371E-03
  5.45475063E-02  -1.58077787E-02  -3.50532908E-02
  1.92011315E-02   1.53649548E-02  -2.00324024E-02
  9.23301495E-03  -3.43713690E-02   1.14568249E-03
  2.40732739E-02  -2.80212147E-02  -2.05645854E-02
  8.98565460E-04  -8.89501212E-03  -4.86842449E-02
 -1.51699557E-02   1.10293535E-02  -7.32375170E-03
  1.25249588E-02  -1.44414745E-02  -2.82387616E-02
  3.02708406E-02  -1.63966667E-02  -1.64883470E-02
  4.27807017E-03  -4.39561458E-02  -5.15321062E-02
  2.97426847E-02  -1.69279820E-02  -4.03167094E-02
 -1.78988533E-02  -3.11021523E-02  -1.03315898E-02
 -1.48710587E-02  -2.27349649E-02  -3.03457423E-02
 -3.59677243E-02   2.89969998E-03   7.66168527E-04
  1.43965420E-02  -5.43816262E-02  -1.16388705E-02
 -3.64141662E-02  -3.98781137E-02  -4.61430580E-02
  1.79160142E-02  -1.81535634E-02  -2.59001866E-02
  4.92836621E-03  -7.43106658E-02   1.97692898E-03
  3.17990801E-02   4.75322387E-03  -4.44793908E-03
 -1.66745112E-02  -7.33357973E-02   5.99142965E-03
  3.76894952E-02  -1.97817699E-02   1.53562584E-02
  1.00265204E-02  -2.99104080E-02  -2.83845930E-02
 -1.88693154E-02   2.51929850E-02  -5.03175114E-03
  1.69716441E-02  -2.77885116E-02  -2.34225304E-02
 -1.76759651E-02  -1.33674955E-04  -2.95071308E-02
  2.08296500E-02  -3.21696123E-02  -3.10055694E-03
 -1.76755427E-02   2.18433708E-02  -3.72289560E-02
  1.46419751E-03  -2.28521108E-01  -2.41224235E-01
 -1.56180413E-01   7.40370093E-02  -1.96088552E-01
  1.24059914E-01  -2.32536271E-01  -2.09024265E-01
 -4.23096341E-02  -2.23646513E-01  -1.69466154E-01
 -4.17301897E-02   3.93829637E-02  -1.90417011E-01
 -2.61252512E-01  -2.38503468E-01  -1.66788283E-01
 -7.62784373E-02  -1.86757690E-01  -1.49145982E-01
 -6.57716481E-02   5.67344285E-02  -1.68731227E-01
 -3.56220971E-02  -2.61553179E-01  -1.61766959E-01
 -2.50395342E-02  -2.05378174E-01  -2.63170630E-01
 -8.57974332E-02  -3.14674559E-01  -2.29581288E-01
  7.30108548E-02  -9.03104595E-02  -2.72136395E-01
 -2.28000958E-02  -1.93364603E-01  -2.63396192E-01
 -4.88769835E-02  -2.14744352E-01  -3.08404086E-01
 -1.94333362E-01  -5.80123235E-03  -2.58596055E-01
 -1.51402394E-01  -2.17097033E-01  -2.04780521E-01
 -6.62048076E-02  -2.57009246E-01  -2.77805382E-01
 -1.23172663E-02  -8.40513362E-02  -2.70371249E-01
 -3.88816879E-02  -2.41717927E-01  -1.71797332E-01
 -1.17144442E-01  -3.23609375E-01  -2.03360499E-01
  9.54501040E-02  -1.89196875E-01  -2.59863751E-01
 -2.58166243E-02  -2.51185009E-01  -2.50507767E-01
 -9.48132445E-02  -2.57173660E-01  -2.00134848E-01
 -2.26164077E-01  -1.88835161E-01  -2.64190889E-01
 -1.16003279E-01  -2.51590430E-01  -1.39665231E-01
 -9.99210596E-02  -2.99037452E-01  -1.79075984E-01
  1.72823419E-02  -1.36492955E-01  -1.61633061E-01
 -9.60569946E-03  -6.96338216E-03  -2.30235029E-01
  2.36346201E-03  -5.68578739E-04  -1.93944304E-01
 -4.73604112E-03  -6.48826244E-03  -1.98793571E-01
  3.87020904E-03   1.43192542E-02  -1.71992284E-01
  9.10928585E-03  -5.12002902E-03  -1.91134910E-01
 -2.86602363E-03   7.07140106E-03  -1.64859187E-01
 -1.59886554E-02   1.48637166E-02  -1.75000787E-01
  3.55130925E-02   1.30309756E-02  -1.75533464E-01
  2.07089835E-03   2.65874871E-02  -1.63405258E-01
  6.84369632E-03   2.95489572E-02  -2.55824347E-01
 -1.31829218E-02   2.69607236E-03  -1.97801564E-01
  8.91785131E-04   3.30640321E-02  -2.21732302E-01
  1.92598561E-02   2.90045239E-02  -2.94206105E-01
  2.32596787E-02   5.65703214E-02  -3.11422175E-01
  1.89196002E-02   1.25822856E-02  -2.49323921E-01
  1.15734549E-02   2.69445168E-03  -2.19377412E-01
  2.23511816E-03   4.37758740E-02  -2.56425528E-01
  4.16921152E-02  -2.21240525E-02  -2.37781898E-01
  1.59386738E-02   1.70818443E-03  -1.82420816E-01
  3.32689092E-02   1.92659423E-02  -2.03600681E-01
  2.72964725E-02  -1.11679060E-02  -2.56472464E-01
  2.69379289E-02   2.40619331E-02  -2.63409287E-01
 -1.92357115E-02   7.90482801E-03  -2.06328176E-01
  3.01415460E-02   1.90360628E-02  -2.53298980E-01
  2.53032746E-02   2.14350553E-02  -1.42590037E-01
 -2.35634148E-02   8.52311714E-04  -1.94517535E-01
 -7.19806885E-03   2.52102217E-02  -1.76369835E-01
  9.50624271E-03  -1.61532679E-01   2.97784182E-02
 -2.85086405E-03   7.15257599E-02   2.73947620E-02
  3.85368798E-03  -1.97428404E-01   3.78989683E-02
 -1.17104382E-02  -2.04402966E-01   2.07189291E-02
  4.95325619E-03   4.84887446E-02   1.02197082E-02
  2.96835199E-02  -1.85508561E-01   2.46197878E-02
  2.20435729E-02  -1.91488800E-01   3.13166574E-02
  2.30057032E-02   3.39278717E-02   2.45739207E-02
  3.88297825E-04  -2.69332700E-01   4.06084677E-02
 -1.20136938E-03  -1.73109486E-01   4.93267601E-02
  1.74845219E-02  -3.07538297E-01   1.38627383E-04
 -2.12704346E-02  -1.08816763E-01   1.63674168E-02
 -1.69724401E-02  -1.89670030E-01   4.62613018E-02
  1.29869084E-02  -2.36483831E-01   4.78558001E-02
 -1.42548198E-02  -1.82243303E-02   2.71010278E-02
  1.20197646E-02  -2.10078283E-01   5.59159443E-02
  4.36484646E-02  -2.35901907E-01   3.40105546E-02
  1.88259429E-02  -2.65117038E-02   3.30073701E-02
  2.47789018E-02  -2.07296697E-01   3.73515072E-02
  1.59636444E-02  -2.63007606E-01   6.10322158E-02
 -5.94027242E-03  -1.31430643E-01   2.35978768E-02
  2.63301697E-02  -2.23711892E-01   3.87325577E-02
  3.14411096E-02  -2.04297518E-01   4.30844256E-02
  1.18203581E-02  -2.03135155E-01   2.46811439E-02
  1.30023170E-02  -2.34624326E-01   3.36957087E-02
 -1.10601299E-03  -1.97040849E-01   4.74784133E-02
  1.42053961E-02  -1.35044781E-01   4.77473011E-02
 -2.27724165E-02   1.06193504E-02   1.54242030E-02
 -1.46943597E-01  -1.24293789E-02   4.21569075E-02
  8.57730704E-02  -1.29859358E-03   1.14223909E-02
 -5.31865820E-02   2.53532823E-03   1.14872667E-02
 -6.50978226E-02  -1.49430243E-02   2.81887571E-02
 -2.51026314E-01   2.79772276E-02   2.39388890E-02
 -7.12726453E-02   4.50659564E-02   1.85620915E-02
 -3.81845510E-02  -2.08085556E-02   3.62268693E-02
 -2.93370413E-03   1.82054592E-02   4.82440866E-02
  5.30925101E-03  -1.15621913E-03   3.42287672E-02
 -6.91996340E-02   6.79323205E-03   2.21936716E-02
  9.41750578E-02   2.75431176E-02   1.89994493E-02
 -2.52419249E-02   1.47299072E-02   5.81058325E-02
 -3.69250225E-02   1.01937787E-02   2.57436674E-02
 -1.66414520E-01  -1.29056283E-02   4.79812784E-02
 -1.11494981E-01   1.68043451E-02   6.51909551E-02
 -8.92271598E-02  -5.43390752E-03   1.02638627E-02
 -5.09232999E-02   1.79502235E-02   3.00673396E-02
 -6.01805415E-02   9.36950488E-03   1.24580334E-02
 -1.21307302E-01   1.15586380E-02   3.70893980E-02
  8.17823938E-02  -3.79441948E-03   1.07993708E-02
 -1.42105529E-02   2.34875146E-02   5.40896914E-02
 -8.39048788E-02   2.43158815E-02   3.43189879E-02
 -1.84943321E-01   5.92311583E-03   5.16778105E-02
 -1.39281943E-01   2.52858556E-02   3.62888959E-02
 -6.19025321E-02   7.99048233E-03   1.07496012E-02
  1.45919720E-02   8.80934869E-03  -1.11539742E-02
