 -4.18948432E-02  -4.65154631E-02  -6.16204117E-02
 -4.98476569E-02  -9.54873856E-03  -2.25420442E-02
 -4.76662457E-02  -4.64408975E-03  -5.76720772E-02
  5.38185599E-02  -4.23247064E-02   1.64386290E-02
 -9.38583504E-03   2.41691645E-02  -3.33160689E-02
 -3.02640810E-02   2.90168901E-02  -9.75290955E-02
 -2.29445895E-02  -5.47277037E-02  -1.84566937E-02
 -3.35489575E-02  -3.92227256E-03  -2.23306074E-02
  4.33807546E-02  -3.07708439E-02  -5.63633006E-02
 -2.55775523E-02  -4.03533968E-02   2.42950264E-02
 -2.53974555E-02   7.40239378E-02  -5.14970945E-02
  4.05890963E-02   4.04705793E-03   2.37010012E-02
 -2.60840471E-02   4.94172485E-03  -3.31220476E-02
  1.61679792E-02   6.98114013E-03  -1.38304175E-01
  2.45066229E-02   3.26095962E-02  -2.72104262E-02
 -6.83840281E-03   3.46483895E-02  -1.41362244E-02
 -1.30483094E-01  -3.69293057E-02  -8.52555569E-04
 -1.15626304E-03   2.28206783E-02  -5.27771074E-02
 -7.91638751E-04  -9.54824837E-02  -4.77726088E-02
 -9.52991997E-03  -2.88650649E-02   6.07799389E-02
 -1.10458734E-02   7.90963544E-02  -2.45864402E-03
 -6.62887041E-02  -4.02234454E-03  -8.14820208E-02
  2.69005518E-02   8.22069758E-02   6.14990097E-03
  2.20103818E-02  -2.40650014E-02  -3.68276837E-03
 -2.42819049E-02   8.59340383E-02  -5.12967271E-02
 -3.50559284E-02  -1.08843044E-02   7.56146113E-02
 -4.31290066E-02   1.57941048E-02   1.73429672E-02
 -1.54358227E-01  -2.36918937E-01  -2.21761875E-01
 -9.95909654E-02   2.42345315E-02  -1.39210892E-01
 -3.91839765E-01   7.21870789E-02  -1.99033662E-01
 -1.16943565E-02  -3.11430435E-01  -8.43365020E-02
 -4.99265696E-02   1.79027090E-01  -1.61175269E-01
 -3.24909054E-01   6.70285679E-02  -2.86563409E-03
 -3.70631484E-01  -2.07023219E-01   1.22868128E-01
  2.17754555E-02   1.51225973E-01   1.31150675E-01
  1.37574570E-01   4.89987352E-02   2.29106351E-01
 -2.09584259E-01  -3.92853134E-02  -1.29178682E-01
 -4.82900428E-02   3.33151610E-01  -2.30836842E-01
 -2.77678802E-01  -2.06732909E-01  -1.89557042E-01
  1.89325647E-02   3.78910193E-02  -2.31556852E-01
 -2.81244937E-02   2.54658663E-01  -2.81944761E-01
 -2.24832310E-01  -2.60003712E-01  -2.71601430E-01
 -3.37382977E-01  -6.83251585E-02   2.95497595E-02
  1.15596306E-02   2.50013470E-01  -2.61021108E-02
  5.66180630E-02  -1.91793855E-01   1.74628253E-01
 -2.60091815E-01  -1.93332689E-01   2.91116929E-01
 -1.98509295E-01   2.15041283E-01   2.45772908E-01
 -2.03186394E-01  -3.47872863E-01   1.69422195E-01
 -2.41159475E-02  -2.85170695E-01   1.16121953E-01
  1.73383362E-02   1.62083557E-01   1.38055926E-01
 -3.16709803E-01  -1.95547318E-01   9.84015305E-02
 -3.08369894E-01  -2.07517416E-01  -2.54529262E-02
  8.57404282E-03   1.54274935E-01  -6.10997461E-02
  7.41374338E-02  -3.02146751E-01  -7.72440351E-02
 -2.75651192E-02   2.93030487E-02  -1.96673775E-01
  1.54176112E-02  -7.39576053E-03  -1.49429483E-01
 -1.20746724E-02  -4.53911353E-02  -1.78123193E-01
 -1.11403405E-02  -2.98365144E-03  -8.45491104E-02
 -1.07021815E-02  -6.90094183E-04  -1.20156933E-01
  3.85673905E-02  -4.37157905E-02  -1.11353602E-01
  7.13606610E-03   1.90949401E-02   1.39813889E-01
 -3.34646613E-02  -4.09254894E-02   1.23406378E-01
 -2.18954807E-02  -3.65167261E-02   1.57697590E-01
  1.98650121E-02  -2.33382456E-02  -1.45340745E-01
 -3.74715553E-02  -7.91456835E-02  -2.53477982E-01
  2.16332110E-02   3.73396121E-03  -1.89748492E-01
 -3.24392235E-02  -1.82376393E-03  -2.43331441E-01
  5.43992394E-02   1.94600275E-03  -2.47697842E-01
  2.27329305E-02  -5.32536873E-02  -2.12374051E-01
  7.98969281E-02  -1.53628717E-02   1.48352807E-01
 -1.07811650E-02  -1.90684224E-03   7.42514910E-02
 -4.86387593E-02  -4.66661794E-02   5.20107933E-02
  4.82727011E-02   1.14461668E-02   1.48181655E-01
 -4.23808108E-02   5.37018158E-02   2.25313934E-01
  8.85744626E-03  -2.58360655E-02   1.23990473E-01
  2.03710814E-02   1.88677238E-02   6.50283938E-02
  1.90954849E-02   5.79643533E-03   7.80678715E-02
 -9.63008164E-03  -2.92104829E-02   1.41823000E-01
 -2.01131998E-02   3.95806254E-02  -4.30177155E-02
 -1.16808314E-04   1.88909762E-02   1.59239382E-02
  3.19585632E-02   5.74471940E-02  -7.60655811E-02
  3.88166266E-02  -1.60281829E-01  -5.48245648E-03
 -9.96881938E-02   1.62439282E-01   1.13002496E-02
  4.99090225E-02   8.08450774E-02   4.71315916E-02
  2.79449490E-02  -2.76603610E-01  -2.10154691E-02
  1.38945553E-02   1.66709572E-02  -7.72684718E-03
  1.81519453E-02   8.19849476E-02   2.96989061E-02
  3.40661805E-02  -1.54057108E-01  -9.46209085E-03
 -4.86517697E-03   2.71970544E-01  -1.27914312E-02
  2.14188364E-02   9.41521364E-03   2.95267082E-02
 -9.84724240E-03  -3.84440355E-02   2.65099618E-02
 -1.77231529E-02   2.81882346E-01  -3.30822610E-02
 -2.72706894E-02  -1.30123723E-01   3.85412383E-02
  7.19057830E-03   6.15525641E-02   3.82395233E-02
  7.06513981E-02   3.01936276E-01   7.84226009E-02
  5.34336935E-02  -1.98190483E-01  -9.15064718E-03
 -6.80008513E-03   5.63469007E-02  -2.37105611E-02
 -8.18316113E-03   1.28289729E-01  -1.77750352E-02
  4.45028374E-02  -1.48120484E-01   1.25987241E-02
  3.45427333E-02  -1.72766119E-01  -2.20954863E-02
  7.44272106E-03   8.77541778E-02   4.18516445E-02
  3.36432563E-02  -3.10976239E-01  -2.96238337E-02
 -2.80783625E-02  -2.45953103E-01   9.33088054E-03
 -3.74458798E-02   2.41697565E-01   1.33425906E-02
  2.50821553E-02  -2.18352210E-01  -1.59621669E-02
  6.86189820E-03  -2.50528667E-01   2.65155915E-02
 -4.15256718E-02   1.32498193E-01  -1.17710068E-02
 -1.27883452E-02  -2.44217923E-01   7.44809047E-03
 -2.01294695E-01   3.35680872E-02  -3.75459627E-02
 -7.49401786E-02  -7.00944747E-02   3.55898778E-02
 -3.16767552E-01  -2.81246881E-02   1.09214276E-02
 -2.68927884E-02   3.86836495E-03   2.98059285E-02
 -1.30869457E-02  -1.38496991E-02  -5.00699218E-02
 -2.69166620E-01   2.15459623E-02   3.91915631E-02
 -3.53291915E-01   4.36533778E-02  -2.56195355E-02
  5.97044591E-02   2.12901399E-02  -5.22176103E-02
  9.94428059E-02   1.35652016E-03  -1.41140592E-02
 -1.41616487E-01  -5.07328481E-02   6.58989141E-02
  1.92155929E-02  -3.56528414E-02   4.35622367E-02
 -2.86888410E-01  -2.14506281E-02   1.28118585E-02
 -2.83579312E-02  -4.44914684E-02  -2.01806214E-03
 -1.21991859E-01   2.70252779E-02   1.91654682E-02
 -2.03375439E-01   9.08157722E-03   1.71136597E-02
 -3.25237115E-01  -8.60438989E-02  -7.81915022E-02
  1.33242370E-01  -6.26721731E-02  -4.31128627E-02
  3.69637067E-02   5.05432241E-02  -2.54636873E-02
 -1.74377383E-01   5.07103090E-02   2.03500226E-02
 -9.92330925E-02   1.12451766E-02   1.42928712E-02
 -1.91695443E-01   6.36404331E-02  -2.31166127E-02
  4.20909541E-02   1.68348296E-02   7.89767612E-02
 -5.15116484E-02  -8.76525104E-03   1.94484494E-02
 -2.54113803E-01   4.77845899E-02  -4.75659539E-02
 -2.40244191E-01  -2.86293431E-03  -6.41851941E-02
  1.64574501E-03  -3.27300636E-02  -4.57559899E-02
 -2.79671138E-02  -3.00636755E-02   8.15864037E-02
