 -1.52430841E-02   9.45756033E-02  -4.87518240E-02
  2.78292916E-02   7.03363890E-02  -2.20890068E-02
 -5.69085356E-02  -6.96941445E-03   5.10138476E-03
 -2.43374926E-02  -2.79826508E-02   2.91577896E-02
 -3.24080396E-02   1.28625145E-01   3.28503139E-02
 -6.74273788E-02   1.47227601E-02  -1.68365776E-01
 -2.98358577E-02  -3.10786415E-02   6.68364882E-02
 -1.33519923E-01   1.41794344E-01  -4.07576280E-02
 -2.94056469E-05   1.04143283E-01   9.86490909E-02
  6.82874894E-03   7.28187647E-02   3.47463807E-02
  8.81606900E-02   5.49016968E-02   1.83008012E-02
 -9.83950861E-03  -1.47418849E-02   1.17849126E-01
  6.32665392E-02   1.94268855E-02   3.37408396E-02
 -1.63371095E-02   6.14757781E-02  -6.83078657E-02
 -4.71159040E-02   3.77747419E-02  -1.09407785E-01
 -1.04922159E-01   2.89491777E-02  -1.16849044E-01
 -1.79916977E-01   6.02957689E-02  -7.43146104E-02
  7.72366730E-02  -3.12738390E-02   1.35755814E-01
  1.70284411E-01   2.57404825E-02   9.99761663E-02
 -3.02315826E-02   4.62505359E-02  -3.13372449E-02
  9.28468559E-02  -2.63400964E-02  -1.88343044E-01
 -7.89056876E-02   7.07912287E-02  -1.04904419E-01
  3.85145938E-02   1.26547448E-01  -1.05633367E-01
 -6.77432970E-02   3.35967377E-02   7.69301747E-02
  2.52237311E-02   3.55795860E-02  -3.17339314E-02
  4.39631193E-02   2.03012598E-02   2.56296474E-01
 -5.72767984E-02   8.44098970E-02  -1.08964733E-01
 -3.71238578E-02  -2.12845220E-01  -1.78655369E-01
  1.17928524E-01   2.35497272E-02  -3.64372951E-01
 -2.18001938E-01   3.02064331E-01  -2.94378883E-01
 -6.51925713E-02   8.06419928E-02   1.77711961E-01
  9.05927820E-02   5.27363697E-02  -7.16321621E-02
 -2.28443850E-02   1.61911133E-01   7.34241711E-02
  2.77312583E-01  -7.72618198E-02   1.23010881E-01
  1.91714428E-02   5.83136630E-02   3.57735412E-01
  1.11989556E-01   1.73068278E-01   2.07824906E-01
  2.22506505E-01   3.02940299E-01  -2.01937598E-02
  2.75792166E-01   1.13204759E-02   4.35501170E-01
 -3.46906002E-01  -4.02077139E-01   1.80986501E-01
  1.33551587E-01   2.85868583E-01  -3.49447030E-01
  4.16242921E-02  -1.18881845E-01  -3.35767875E-01
 -3.04080176E-01  -3.79078111E-01  -2.89623928E-01
  2.03264070E-01   3.92312652E-01   3.65483874E-01
 -7.93889200E-03   1.11658157E-01   4.66586269E-01
  1.38576206E-01  -4.78106381E-01   3.31785616E-01
  4.00404953E-01   3.97281534E-01  -2.06753631E-01
  3.16500277E-01   1.70626388E-01  -2.27612068E-01
 -1.86671325E-01  -1.57090188E-01  -9.17062714E-02
 -9.14721859E-02   2.69713157E-01  -9.03785898E-02
 -7.56497200E-02   1.41486816E-01   9.34436699E-02
 -1.40392802E-01  -2.16710984E-01  -3.52715621E-02
  1.56978044E-01   2.00927537E-01   1.74539879E-02
 -1.31165966E-01   1.95419771E-01   1.32149190E-01
  2.02018897E-01  -1.99999495E-01   8.47234623E-02
  1.18046043E-02  -8.29979150E-03  -1.08541020E-01
 -2.21983866E-01  -3.00957260E-02  -2.79200510E-01
  1.60510275E-02  -4.92287525E-02  -3.81183580E-01
  5.87929558E-02   1.76227272E-02   1.84945855E-01
  3.28777210E-02   4.60944490E-02   4.43716144E-02
  6.54734716E-02  -6.14518631E-02  -6.71278868E-02
 -1.00899792E-01  -1.39712419E-01   1.17004147E-01
 -8.59918652E-02  -2.68770637E-02   1.38886850E-01
 -4.59563919E-02  -5.32214977E-02   3.78201914E-01
  6.47531005E-02   7.93718822E-02   7.44660754E-02
 -8.72629864E-02   2.23866696E-02   7.95783207E-02
 -5.89896670E-02  -8.33245568E-02   3.32619434E-01
  1.54332904E-02  -7.86124645E-02  -2.35353774E-01
  4.34325576E-02   1.44722511E-01  -2.91473467E-01
  2.62896069E-03   4.96210945E-02  -2.82742587E-01
 -8.93609533E-02  -2.66426015E-02   2.82292246E-01
 -5.20772396E-02   4.40205427E-03   3.16822149E-01
  6.61986839E-03   6.54174245E-02   3.80402136E-01
 -6.74154066E-03  -4.41371155E-02  -1.29481288E-01
  2.96197937E-02  -3.08803691E-04  -2.37642130E-01
 -2.30267692E-02  -4.60191286E-02  -2.63970539E-01
 -5.90977427E-03  -3.22456565E-02  -1.96671016E-01
 -6.90765033E-02   1.50401434E-02   1.03524342E-01
 -1.94658750E-02   5.82707297E-02   5.69851390E-02
  7.54067730E-02  -7.52854749E-02   7.06875272E-02
 -1.24311624E-02  -5.97014486E-02  -8.71009813E-03
 -5.08220598E-02  -4.41747459E-02  -3.99319662E-02
 -2.88443665E-02  -2.05370925E-01   3.14941974E-02
 -6.50712362E-02   2.81342507E-02  -1.13443401E-02
  5.88501312E-02   2.44026322E-01  -7.00848115E-02
  2.09957759E-02  -3.93704998E-02  -3.52481190E-03
  2.15761949E-02   1.84974381E-02   1.64897885E-02
 -3.65012818E-02   3.25457506E-01  -4.46490662E-02
 -4.24007237E-02   7.55766202E-02  -3.69381021E-03
  2.76311693E-03   2.15905158E-01  -2.01643643E-02
  1.25720663E-02   1.19069054E-01   3.11679962E-02
 -1.55129091E-01   3.84225930E-01   1.34833063E-02
  5.20119040E-02   2.58864442E-01   4.78511096E-02
  1.99022668E-02  -3.97942813E-01  -1.03347553E-01
 -4.62790905E-02   2.20141383E-01  -9.33006533E-02
 -7.29957493E-02  -4.75183907E-02   6.83796267E-02
 -4.58119306E-03  -3.56267654E-01   6.05807853E-02
  2.98156765E-02   2.92808587E-01  -1.57250488E-02
  8.45634426E-02  -1.76185716E-01   1.10877493E-02
 -1.04266111E-01  -3.09700974E-01  -2.76711473E-02
 -3.72727144E-02   2.99724777E-01  -3.55089054E-02
 -1.37952299E-02   1.86528052E-01   6.13468648E-02
  2.86050604E-02   7.65290125E-02   5.73328526E-02
  6.93299274E-02   3.75693367E-01   2.74826806E-02
  2.01929056E-02   1.60496910E-01   1.19809208E-02
 -1.03839312E-01  -2.69482303E-01   1.48499447E-01
  3.52408482E-02   2.28957588E-01  -2.82831213E-02
 -1.01648423E-01   1.60231707E-01  -5.56767280E-02
  9.66825108E-03  -1.95611764E-01  -1.64621699E-02
  2.17116862E-01  -1.69596181E-02   3.99079003E-02
  2.41671715E-01   3.12405058E-03  -1.08552937E-02
 -8.22650986E-02  -5.69151296E-02   1.35091359E-01
 -9.31084492E-02   6.12406945E-02  -2.87663239E-02
  3.27201804E-02  -2.09807038E-02   2.92621052E-02
 -3.06396973E-03   1.34436822E-01  -2.29588123E-02
  1.36886517E-01  -1.18821079E-01   3.22860493E-03
  9.54491964E-02   2.30312776E-02   2.65193509E-02
  5.24264586E-02  -9.41948849E-02   1.07368472E-01
  2.62247143E-02   1.32197551E-02  -4.31828751E-02
  2.19824824E-01   5.74565218E-02   1.60855879E-02
 -3.17564639E-01   3.00544959E-02  -3.46307136E-02
 -3.92751508E-02   2.66283513E-02  -3.43855908E-02
  1.11877623E-02  -1.80377521E-02   7.40706391E-02
 -2.20605975E-01   9.20065108E-02   5.32717420E-02
  3.27323802E-01   8.33828469E-02  -3.81312468E-02
  3.72199605E-02   2.45413280E-02  -4.56149810E-03
  2.39872759E-01   1.04010165E-02  -4.51962661E-02
  2.79393901E-01  -7.72666761E-02  -6.95096101E-02
  2.72760526E-01  -1.37945156E-01   1.09658471E-01
 -2.46980984E-01  -3.37854913E-02   1.23592012E-01
  2.46855579E-02   2.62393479E-02   2.45516855E-02
 -4.47970997E-02   1.03736157E-01  -2.94735118E-02
 -1.93477365E-01  -1.17541019E-02   3.58330949E-02
  2.31183379E-01  -8.66296580E-02  -2.88605008E-04
 -1.64587975E-01  -1.55401344E-01   6.11070740E-02
  2.36981766E-01  -5.79792745E-02  -6.17749008E-02
