 -2.82061198E-02   1.02516954E-01   4.31653780E-02
  4.82014512E-02   2.04057598E-01   4.90972751E-02
  3.48162159E-02  -1.87567144E-02   1.50196019E-01
  3.25563129E-02  -7.73810098E-02   1.09151950E-01
  5.88977559E-02   5.53442531E-02  -1.53817596E-02
 -9.60425586E-02   1.10294077E-02   2.42358620E-02
 -2.32680037E-02  -1.74169711E-02  -2.35161009E-02
 -6.79562762E-02  -4.96964178E-02  -8.73415636E-02
 -1.06877433E-01  -2.12609843E-02  -2.30506127E-01
 -5.95852021E-03  -3.54490449E-03   2.01815218E-02
 -6.79414619E-02  -8.67526750E-02   1.03427199E-01
 -5.01272742E-02   6.91527374E-02   2.73602753E-02
 -7.31004189E-02   5.97294213E-02  -5.49587467E-02
 -4.29857581E-02  -2.34409054E-02   1.38920907E-02
 -1.74996018E-02   1.19881111E-01  -1.00189686E-02
  5.01709391E-03  -4.66087674E-02  -5.82264668E-02
  6.21157770E-02  -2.58958090E-02   2.18111207E-01
  5.92596926E-02  -4.94867776E-02  -1.51530821E-01
 -6.04094645E-02  -1.22985103E-01   1.70876004E-01
 -7.50356024E-02   1.22077872E-01  -6.53237921E-02
 -9.34709181E-02  -9.35478606E-02  -1.24228874E-01
 -1.91773184E-02   1.44297261E-01   1.33068305E-01
  1.26011054E-02  -2.96798111E-02  -1.29258705E-01
 -1.54346415E-02   4.62115774E-02  -6.10704497E-02
  3.61567437E-02  -1.63109434E-02  -5.64070933E-02
  1.03428629E-01   3.90309326E-02  -8.40983388E-02
 -2.23347764E-03   4.97598630E-02   5.50116389E-02
  5.07680524E-02  -1.12992734E-01   2.95315293E-01
 -3.69445708E-02  -2.47302591E-01   2.98316856E-01
 -3.98080967E-01   7.98972902E-02   3.21753403E-01
  1.31516651E-01   2.19064207E-03  -2.19027977E-01
 -3.17538910E-01  -1.33686339E-01  -3.45498870E-02
  7.14324678E-02   2.55879997E-01  -4.96830673E-02
 -3.49353493E-01  -2.17004772E-01   7.05706897E-02
 -2.07754577E-01  -1.75706355E-01  -8.26753078E-02
 -2.14260650E-01   1.51813974E-01   1.90010025E-02
  1.98997068E-01   6.53978936E-02   2.30026231E-01
 -2.01123139E-01  -2.06611834E-01   2.40742981E-01
 -5.68502332E-01   1.89723065E-01   2.79371455E-01
 -2.30538463E-02   5.80700404E-02  -2.38376211E-02
 -4.37370080E-01  -1.15483529E-01   1.28703778E-01
  1.75582879E-01  -2.62356640E-02  -3.08564579E-02
 -1.83716979E-01  -3.15086624E-02   5.98287675E-02
 -2.75696719E-01   5.71042554E-02   1.79339031E-01
 -1.15495777E-01   1.50281879E-01   2.56417834E-02
  1.55514726E-01  -7.57748000E-02   4.99317093E-02
 -2.44777106E-02  -3.03215370E-01  -9.34075495E-03
 -4.76657936E-01  -1.82007384E-01  -3.60550668E-01
  3.70375685E-02  -1.43291157E-01  -2.19619631E-01
 -3.34247434E-01   1.07868291E-01  -6.92964619E-02
  2.61441126E-01  -3.50738621E-01  -3.29321866E-01
 -3.73331361E-01  -8.38829252E-02  -5.12104528E-01
 -3.01867496E-01  -7.37993671E-02  -3.56272611E-01
 -2.77068523E-02  -9.16665034E-02  -3.90924064E-01
  1.23703387E-02  -2.91608321E-02   2.94317075E-01
 -1.42145353E-01  -1.15057484E-01   3.04212058E-01
 -4.51823624E-02   9.17669916E-02   3.83789266E-01
  1.27685602E-02  -1.05990104E-01  -2.18737671E-01
 -1.37000729E-02  -2.69840094E-02  -1.32671842E-01
  4.73797941E-02   1.51477565E-01  -8.16356966E-02
 -3.53204233E-02  -4.36632754E-02   7.73925922E-02
  7.30456640E-02   1.81926545E-02   5.39913062E-02
 -2.69938761E-02   5.90179975E-02  -1.07832934E-01
 -7.72712052E-02   3.70302036E-02   2.79971316E-01
  3.02591173E-02  -6.45808673E-02   2.09560638E-01
 -7.80502692E-02   1.17259291E-01   2.14766064E-01
 -2.69133279E-02  -5.82468169E-02  -2.20533380E-01
 -5.48531610E-02  -3.60607460E-02   6.88529881E-03
 -7.26577996E-03   1.86582837E-02  -6.53540002E-02
  1.06943420E-01  -6.21721935E-03  -6.72384555E-02
 -1.53419762E-01   3.07765522E-02   6.33471135E-02
  1.28646803E-01   3.73366135E-02   1.12276287E-01
  6.16191408E-02  -5.28330222E-03  -1.29613530E-01
 -1.32523567E-01  -3.55742887E-03   6.56961694E-02
 -1.29924857E-02   9.48973871E-04  -1.52357038E-01
  2.63695451E-02  -2.47843444E-03  -2.69611363E-01
  3.99137671E-02  -4.32109373E-02  -1.61253973E-01
 -8.77267047E-03   1.08277532E-01  -4.04562611E-01
 -4.53456851E-02   9.46589246E-03  -4.47407676E-01
  2.18104293E-02  -1.23113262E-01  -3.84681540E-01
  3.09098795E-02   7.60823220E-03  -3.15855313E-01
 -6.05493506E-03  -8.17595951E-02   4.20063986E-02
  1.73105729E-02  -2.54861639E-01  -1.28288804E-01
 -1.46209399E-02   2.67734134E-02   3.76879282E-04
 -4.32716115E-02   6.75166351E-02  -1.01198160E-01
 -3.12374257E-02  -1.29963468E-01  -2.40814447E-02
  4.78640047E-02   1.18973160E-01   7.41164650E-02
  1.24795176E-02   3.93054767E-02   3.09924550E-02
  1.82676311E-01  -1.54321205E-01   4.62329924E-02
  1.42645270E-01   1.62167915E-01  -3.16186127E-02
 -1.20614271E-03  -7.51017496E-02   4.30939102E-02
 -5.67625684E-02  -9.39178087E-02  -3.27533197E-02
  1.24009405E-01   1.97158773E-01  -2.78941080E-03
 -1.89627866E-02   1.52094648E-01  -1.06682149E-01
 -3.20343171E-02  -1.84862921E-01   3.13460150E-02
  2.86014243E-02   1.00815895E-01  -1.64912005E-02
 -2.66132977E-02  -3.09517247E-02   7.19021337E-02
  5.40963365E-02  -1.27911511E-01   5.25195493E-02
 -1.07673719E-01  -4.29141025E-02   5.41925086E-02
 -8.68288012E-02   1.29128122E-02   4.97856996E-02
  1.41674149E-02  -1.38698699E-01   1.41487623E-01
  8.39360575E-02  -1.15281173E-01   9.13993486E-02
 -3.69582069E-02  -8.43645230E-02  -1.41165603E-02
 -2.77366948E-02  -1.42618074E-01  -6.50870739E-02
 -3.87378123E-03  -4.04069111E-01   2.10772739E-02
  2.35606017E-03  -1.28600222E-01   1.77282978E-02
  1.53551937E-01   1.38722278E-01   3.41823732E-02
 -4.20662245E-02  -1.09519499E-01   4.32436472E-02
  1.39233652E-01   2.80206745E-02  -6.18616900E-02
  1.91555166E-01   2.27595884E-02  -5.38074169E-02
 -3.47433792E-01   7.39642703E-02  -4.84211480E-02
  6.99338476E-02   3.86231759E-02   5.30384623E-02
 -3.82621119E-01   6.69380507E-02   6.11986638E-02
  5.28490325E-02  -5.34151755E-02   1.46165487E-01
 -3.31629134E-01  -6.63660318E-02  -8.26608303E-02
 -3.42409668E-01   7.09647802E-03   2.52212605E-02
 -1.46409583E-01   2.37259233E-01   6.88044434E-02
  1.04127116E-01  -4.89819655E-02  -8.43120503E-02
 -6.07004018E-02  -1.19459951E-01   3.38596569E-03
 -4.15083059E-01  -5.82178655E-02   3.80475207E-02
  2.81682156E-02  -9.65091970E-02   7.63563563E-02
 -3.14755568E-01   1.10486285E-01   1.04971599E-01
  4.44489604E-02   8.35660328E-02   1.09153179E-01
 -1.18165657E-02  -1.07369853E-02   1.60583697E-01
 -2.36244890E-01   7.75944554E-02  -6.58075973E-02
 -2.00858934E-01  -6.40723844E-02   5.40116499E-02
  1.29869306E-01   1.11660115E-03   7.93918496E-02
 -8.19729240E-02  -1.28500824E-02  -8.63665145E-02
 -4.30915488E-01   7.40909648E-02  -1.00248045E-01
 -8.01540678E-03  -5.12875173E-04   4.33811486E-02
 -3.14607756E-01   1.01576288E-01   1.71276526E-01
  3.41637676E-01  -1.13601323E-01   2.96461842E-02
 -1.03214321E-01   1.96705196E-02  -5.69806084E-03
 -3.24964000E-01   4.23059076E-02   9.24289215E-02
 -1.19852911E-01   2.52941397E-02   1.61170866E-02
