 -2.58444452E-02   2.96337014E-02   8.61826625E-03
 -5.43295461E-02   4.96102739E-02   2.77717400E-02
 -1.18243341E-02  -8.16705128E-02   1.68822824E-02
  6.60425372E-02  -1.24456064E-02   1.06094702E-01
 -3.19896455E-04  -3.21013766E-02   6.33326789E-02
 -4.95419645E-02   2.90311633E-02   7.83816368E-02
 -4.82703913E-02   4.21181588E-02   4.90882671E-02
 -4.19326847E-02   2.79024256E-02  -2.81267454E-02
  3.19784839E-02   6.32032950E-02  -2.03187793E-02
 -1.60154458E-02  -6.42409260E-03  -2.21791081E-02
 -1.44497884E-02  -3.01940298E-02   2.02658493E-02
 -7.46053874E-02  -6.47463011E-02  -2.59509653E-03
  8.26355806E-02  -1.08805320E-02   6.57678297E-02
  1.90953461E-02   4.07482048E-02   6.40311876E-02
  6.82631247E-02   5.35618174E-02   5.38833675E-02
 -2.65814087E-02   4.52250774E-03   6.22716307E-02
  1.98354419E-02   2.74941378E-03   1.78481468E-02
  1.02229586E-02   4.67554852E-02   2.17465526E-02
 -7.14377747E-03  -8.02016577E-02  -2.00480101E-02
  4.00181930E-02   1.93010007E-02   5.61200335E-02
  1.79792435E-02   3.67749024E-03   8.60693848E-02
  5.23789530E-03  -3.01747529E-02  -2.27188666E-02
  2.96810282E-02   4.50525513E-02   7.40360558E-02
 -2.23258708E-02   2.12101822E-02   3.42564331E-02
 -9.46261903E-03  -1.85920930E-02   3.69525825E-02
  3.72026402E-03  -2.81358418E-02  -2.05563070E-02
  7.61592198E-02   5.00160803E-04   3.16337384E-02
 -6.67785677E-02  -2.13529310E-01   2.81261352E-01
 -6.00420517E-02   1.98855158E-01   2.55400105E-01
  1.75752764E-01   2.26034925E-01   2.72727054E-01
 -1.40815482E-01  -1.49935934E-01   2.01152962E-01
  2.09385411E-01   8.10978569E-02   2.15861226E-01
 -2.45118982E-01   2.01947225E-01   2.71546900E-01
  1.81047976E-01  -1.35476652E-01  -2.16987197E-01
  4.09005515E-02   1.54378267E-01  -1.23220362E-01
 -5.68481142E-03   2.13106524E-01  -2.48379822E-01
 -1.03872990E-01  -1.86601501E-01   2.48286132E-01
 -2.77992767E-02  -4.87268902E-02   3.19430620E-01
  1.20884288E-01  -7.12009930E-02   3.44458984E-01
 -1.13676414E-01  -1.99061018E-01   1.16788119E-01
  1.69545566E-01  -1.95940797E-02   1.19203292E-01
 -1.68384413E-01  -1.08430464E-01   1.81535558E-01
  1.23671901E-01  -2.06399301E-01  -2.71825670E-01
 -1.73011287E-02   3.28002382E-02  -1.91383773E-01
  8.34907204E-03  -1.78773978E-01  -1.34632753E-01
 -1.61703422E-01  -5.66106116E-02   2.74574893E-01
 -6.55486581E-02   9.55266572E-02   3.14689886E-01
  2.02556202E-01   1.13279408E-01   2.93957637E-01
 -1.33757075E-01  -4.78206887E-02   1.85759371E-01
  1.64091270E-01   1.21764227E-01   2.86418138E-01
 -2.91448282E-01   1.32837235E-01   2.59217289E-01
  2.02116260E-01  -2.11144879E-02   2.25439907E-01
 -4.55375368E-03   1.19725701E-01   2.05866253E-01
  4.18291436E-02   1.54562817E-01   2.68246474E-01
  2.91973487E-02  -4.67364465E-02   2.13732042E-01
 -4.74290569E-02   2.13785743E-02   2.56953411E-01
 -1.34958577E-02  -7.07114799E-02   2.20930275E-01
  3.35228520E-02  -2.01135211E-02   2.68988776E-01
  1.65063219E-02  -1.48573048E-02   2.35082654E-01
 -3.84920447E-02   6.15297029E-03   2.39376069E-01
  5.92494066E-03   7.04759893E-02  -1.83426051E-01
  2.68579406E-02  -4.89470467E-03  -1.46005516E-01
 -2.28146412E-02  -5.13369389E-02  -2.44831906E-01
 -1.22349678E-02   5.76032137E-02   2.80656783E-01
  3.44466098E-02   5.54338775E-02   3.01102342E-01
  1.25206381E-02   4.56097150E-02   2.64349510E-01
  7.14665624E-02   2.17385808E-02   1.43866318E-01
 -2.60805679E-02  -2.30235203E-03   1.32230183E-01
  4.88342183E-03   1.33884986E-02   1.26777070E-01
 -3.90787598E-03   1.29459232E-02  -2.24676353E-01
 -4.73120272E-02  -2.21700649E-02  -1.95736078E-01
  1.64198116E-02  -4.20909994E-03  -1.40938037E-01
 -5.44719851E-02  -2.93252723E-02   2.09601251E-01
  3.78517002E-02  -2.95002150E-02   2.50952882E-01
 -1.53500332E-02   2.67470770E-02   2.95801032E-01
 -2.05253309E-02   1.68428702E-02   2.25429965E-01
  8.67806682E-05   3.91422058E-02   1.74455859E-01
 -4.00451683E-02   9.69874558E-03   2.93672356E-01
 -4.38267783E-02  -4.48318598E-03   2.10991187E-01
  1.94747489E-02   2.97997357E-02   1.63753855E-01
 -2.18687741E-03   1.50872541E-02   2.04472198E-01
 -9.83315016E-03  -1.94412968E-01  -3.38302276E-02
 -3.97565994E-02   2.19482711E-01   2.08342563E-02
 -3.01824974E-02   2.35474300E-01   5.03587675E-02
  7.24565950E-02  -1.97862008E-01  -2.24286980E-02
 -2.39294336E-02   1.62420222E-01  -3.45918126E-02
 -3.62374826E-02   2.44631578E-01   3.85578985E-02
 -3.10701043E-02  -1.21501196E-01  -1.70260443E-02
 -8.02887218E-03   7.96906675E-02   4.38581188E-02
  1.46622012E-02   1.22944820E-01  -3.46877557E-02
  1.17390064E-02  -2.02199258E-01  -6.76794094E-02
 -2.69949853E-03  -4.46745125E-02   2.03662692E-02
  2.88514558E-02  -1.35148481E-01   3.78650409E-02
  2.92187146E-02  -2.05420656E-01  -6.17510281E-02
 -1.91828849E-02  -4.43513428E-02  -8.28708198E-03
  3.53735243E-02  -1.22127378E-01   5.37260303E-03
 -1.79158094E-02  -1.91670096E-01   4.33933600E-04
  4.73940537E-03   2.86706341E-02  -1.38097531E-02
  2.58352606E-02  -1.25005215E-01   2.59511677E-02
 -1.03990136E-02  -9.09081178E-03  -1.33838003E-02
 -1.73668480E-02   6.21797111E-02  -4.00232923E-02
  1.07887771E-02   1.55913443E-01   1.62810865E-02
  3.09136806E-02  -1.02711441E-01  -5.18903404E-02
  1.74267052E-02   9.58286797E-02   1.15325694E-02
 -6.46358368E-03   1.13328409E-01  -7.74567970E-03
  3.32354420E-02  -7.55754062E-02   6.30562756E-03
  2.74700480E-02   3.70174512E-02  -3.20600135E-02
 -1.27148118E-02   1.20427661E-01   1.22437663E-03
 -1.25268093E-01   1.39322783E-02   3.57230839E-02
 -3.25674287E-02  -1.01112065E-03  -5.42384701E-02
  2.09233843E-01  -4.78723741E-02  -1.84016876E-02
 -1.08727498E-01   8.07989898E-02  -1.89792354E-02
  1.30671893E-01  -1.42121038E-02  -1.37337081E-02
 -1.94463719E-01  -9.28708426E-03  -6.26218980E-02
  1.58237783E-01   3.63655184E-03  -1.28866293E-02
  2.80531163E-02   4.25615814E-03   3.93576137E-02
  5.02549793E-02  -1.21468053E-02  -5.00764150E-02
 -5.92621890E-02   8.49752812E-02  -1.08864771E-01
 -1.09731992E-02   4.13449626E-02  -2.34725377E-02
  1.34310098E-01   1.05753161E-02  -8.87234590E-03
 -1.26553116E-01   5.13449343E-02  -2.62101334E-02
  1.98698780E-01  -3.89722098E-02  -7.92860712E-02
 -1.95819460E-01   1.99594261E-02  -1.26530176E-02
  1.29294206E-01   4.39827330E-02   3.14531414E-02
  1.92815947E-02   2.34677578E-02   3.01251898E-02
 -7.40197165E-02  -1.16727221E-02   5.73516988E-02
 -1.70078193E-01  -1.07725108E-03  -4.07820108E-02
 -2.52037508E-02  -3.74650453E-02   4.00591790E-03
  1.02653767E-01   1.59183089E-02   2.54955279E-02
 -1.04530513E-01   1.47458240E-02  -1.58488282E-03
  1.51249178E-01   7.61080941E-03   8.83847454E-03
 -2.00516272E-01   5.73262098E-03  -1.13658519E-02
  1.21204850E-01   2.28729156E-02  -3.34670422E-03
 -1.44346198E-02   2.68678147E-02   2.70561366E-02
  5.38092167E-02  -9.41713978E-03   4.29738173E-02
