 -1.06842636E-01  -9.24013711E-02  -7.78225660E-02
 -3.68685750E-02   5.80290242E-02   1.18607533E-01
 -1.18728127E-01  -7.62080409E-02   2.54976944E-01
 -2.77111292E-02   1.18650117E-01  -1.66585810E-01
 -3.38778681E-02  -1.07071795E-02   2.28385702E-02
  4.80926316E-03  -1.12667090E-02  -6.59096927E-02
  6.25217940E-02   1.16352437E-01   6.72519559E-02
 -8.53096609E-02  -6.64985053E-03  -4.40779181E-02
  2.91090575E-02   4.93403691E-02  -1.05087274E-01
 -7.80465943E-03   4.14241460E-02   8.33114745E-02
 -3.51273391E-02  -7.20782318E-02  -1.35620166E-02
  3.26018202E-02  -1.03159947E-02   5.96282973E-02
  7.38274317E-03  -6.54666968E-02   7.89645572E-02
  5.20115652E-02   2.71381537E-02  -7.20943380E-03
  1.42514684E-01   3.14207264E-02  -1.26061894E-02
  1.16086518E-01   3.33342651E-02  -3.41391585E-03
 -2.53451114E-02  -1.09042570E-01  -8.26351067E-02
  1.58243380E-02  -1.06112770E-02  -4.98945019E-02
  6.16442252E-02  -7.91941348E-02   4.14053923E-03
 -1.14230581E-01  -4.32554072E-02   1.20924305E-01
 -7.85914719E-02  -1.04183513E-01  -2.28928791E-02
  5.32993619E-02   2.55278980E-02  -4.11502102E-02
 -1.43552258E-02   7.01803162E-02   4.06042073E-02
 -1.66920163E-01  -1.24218665E-01  -8.82860844E-03
  6.45873363E-03   3.67509668E-02   1.92368124E-01
  9.34857700E-02   2.65546025E-02  -7.90426487E-02
  6.35437837E-02  -1.06629809E-02  -4.90666926E-02
  4.84665489E-01  -2.62801257E-01  -3.42212079E-01
 -4.06508445E-01   3.65421240E-01  -1.43063392E-01
  1.77831169E-01   1.79654472E-01  -1.29697771E-01
  1.05461951E-01  -3.04482629E-01  -4.25243621E-01
 -3.40642649E-01   2.35532478E-01  -6.12530703E-02
 -6.49865722E-02   4.21576347E-01  -2.28068648E-01
  1.95451501E-01  -2.99786239E-01   2.00635349E-01
  9.65065657E-02   3.52173952E-01   2.63890711E-01
  1.50511195E-01   3.89583003E-01   1.56662691E-01
  3.07641005E-01   3.28153477E-03   1.78901238E-01
 -2.88712818E-01  -3.19387508E-01   1.02147843E-01
  2.58262334E-01  -3.82512934E-01   2.18044621E-01
  2.32743638E-01  -1.18933823E-02  -2.47491055E-01
 -3.34967347E-01  -2.41202997E-01  -1.74641898E-01
 -2.56140226E-01  -4.52514422E-01  -1.97143869E-01
 -7.16050045E-03   1.99570496E-01   2.08989467E-02
  1.18091758E-01  -1.95968957E-01   1.25436395E-01
  4.24177131E-01  -2.35419944E-01   1.15900534E-01
  4.67382910E-01  -6.78023251E-02   1.29393194E-01
 -1.76645690E-01  -2.82847007E-01  -2.43540039E-03
  1.66889823E-01   3.47345727E-01   3.14803187E-01
  2.69081307E-01  -1.13445473E-01  -2.09728061E-01
 -2.51434776E-01  -4.10279861E-01  -9.07640252E-02
 -2.33636908E-01   1.67887333E-02  -8.50239714E-02
  5.48777184E-02   9.14105738E-02  -1.08287457E-01
  1.90118702E-01  -3.73444197E-01   2.11708886E-02
  3.68212215E-01   9.66930809E-02   1.77134970E-02
  3.34825323E-02  -1.11045252E-02  -2.73353053E-01
  2.06059419E-02   1.08272625E-02  -6.78603315E-02
  3.93647196E-02   8.05038547E-02  -1.03620131E-01
 -3.14854216E-02   1.01218733E-01  -4.05764116E-01
  7.65123782E-02  -1.41410098E-02  -1.36361880E-01
 -6.03611996E-02  -9.39624359E-03  -1.76249678E-01
 -9.27400748E-02  -1.53587748E-03   2.28576896E-01
  6.84757487E-03  -4.74704572E-02   2.04845760E-01
 -8.69567875E-03   6.87253350E-03   1.17301082E-01
 -6.75414144E-02   3.62511867E-02   2.61038951E-01
  4.39147797E-02  -2.65196251E-02   1.71917390E-01
 -7.72032162E-03   4.08074145E-02   1.66506001E-01
  6.69403407E-02  -2.99660817E-03   2.93791343E-02
 -7.15305250E-02   4.73715300E-02  -1.63281979E-01
 -1.87458280E-02   1.12432056E-02  -1.38579412E-01
 -1.68467526E-02  -8.28204307E-03  -3.65198742E-02
  3.73729804E-02   1.22594890E-02   7.13706973E-02
  1.42525242E-02   1.27716431E-01   7.11814242E-02
 -1.35179514E-01  -8.94425309E-03   2.10568410E-01
 -8.76028047E-02   1.34172534E-01   7.32706321E-02
  7.00963641E-02  -1.74890682E-02   9.37305228E-02
  1.73303411E-02   4.10271607E-02  -1.77345731E-01
 -2.17786233E-02  -2.03327999E-05  -7.57749300E-02
  1.05057934E-01  -4.31905320E-03  -5.93206361E-02
  1.05470949E-01   1.05744642E-01  -4.20481002E-02
 -5.14853110E-02  -5.97662150E-02   9.39079008E-03
  7.32660540E-02  -7.21113189E-03  -9.79964896E-02
  1.53560963E-01  -2.79570364E-01  -6.01729666E-02
  2.23911559E-02   3.64907807E-01   4.86377267E-02
 -8.82930612E-02   2.84427912E-01   1.31931750E-02
  2.18872052E-02  -3.07800591E-01  -8.82302391E-05
 -2.36723489E-02   2.76598957E-01   5.46610021E-02
  1.59507771E-02   1.82743535E-01  -2.55245180E-02
 -4.68279296E-02  -3.05647925E-01  -2.77788046E-02
 -8.46697770E-04   2.45425819E-01   1.92066070E-02
  6.50328090E-02   3.42426289E-01   9.63141557E-02
 -7.25205243E-02   2.56062621E-01  -2.64233836E-02
  7.57418389E-02  -2.28791674E-01  -1.35112554E-02
 -2.02636230E-03  -3.95034014E-01  -7.30807466E-02
 -8.10153787E-02   2.91216706E-02  -4.05920821E-02
  3.13103255E-03  -2.38914361E-01   4.87901117E-02
  1.08165573E-01  -3.99501394E-01  -2.06818730E-02
  3.87204848E-02  -6.81106067E-02  -6.79030949E-02
 -1.29797770E-02  -1.81647492E-01  -5.60264731E-02
  3.66349754E-02  -2.93050714E-01   2.88903315E-02
  1.01210536E-01   2.81710239E-02  -7.55117836E-02
  7.86805930E-02  -2.59046349E-01   4.20604815E-02
  4.58052560E-02   1.30821813E-01   1.07754299E-01
 -4.10292925E-02  -1.05809088E-01  -6.77220949E-03
  4.27200961E-02  -2.82102319E-01  -9.35490265E-02
 -3.58147304E-02   3.50526010E-01   1.73402517E-02
  2.57644719E-02   2.43195633E-02   2.39470669E-02
  4.47085644E-03  -2.67272839E-01   2.54247941E-02
  8.74832473E-02  -5.87618501E-02  -2.13878528E-03
  3.26660618E-01  -1.49787730E-03  -9.57433627E-03
 -2.02904180E-01  -6.78657336E-02   3.59096615E-02
  9.04092245E-02  -2.41538894E-01   3.29793789E-02
  2.92857966E-01   4.59967856E-02  -4.95845749E-02
 -3.69813970E-01  -9.42753233E-02   6.44690328E-02
 -7.72355818E-02   8.69103570E-03   2.68865571E-03
  1.25894961E-01  -4.08687373E-02  -1.34649062E-01
  1.36722146E-01  -2.36586677E-02   9.28928437E-02
  1.48893700E-01   1.07539273E-02   5.95963564E-02
  1.85122473E-01   2.98712692E-02  -9.30415067E-02
 -3.60297853E-01  -1.98949976E-02  -4.71845258E-02
  2.64532800E-01   7.22911538E-03   1.73981693E-02
  6.68332279E-03   3.93412047E-03  -2.47048833E-02
 -1.30207067E-01  -1.63990233E-02   4.88857114E-02
 -2.28001677E-01   1.17718083E-01  -1.90873510E-02
  1.21713531E-01   5.11416493E-02  -3.51260364E-03
  8.10822312E-02   4.09008901E-03   4.30055851E-02
  2.02168118E-01   6.80046479E-02  -4.21940809E-02
  2.50007499E-01  -1.22965658E-01  -1.28768090E-01
 -1.55205907E-01   1.54133494E-02  -1.27223836E-01
  2.50861043E-01   4.00856907E-02   7.63996447E-02
  3.44477913E-01   4.64183980E-02  -1.12576884E-01
 -2.79397271E-01  -7.81302876E-03   4.11445697E-02
 -4.06156579E-01  -1.05280427E-01   4.19156843E-02
 -6.98998393E-02  -2.79788063E-02   6.06366043E-02
  6.64016784E-02  -3.59856885E-02  -2.67239435E-02
  3.35999191E-01   7.46794837E-02   6.11832514E-02
