    Energy = -42890940.8157656863 Hartree 

                             Cell [Bohr]                                  Stress [GPa]
                22.52086294043787     0.00000000000000     0.00000000000000             0.00010      -0.00000       0.00000
                 0.00000000000000    22.52086294043787     0.00000000000000            -0.00000       0.00011      -0.00000
                 0.00000000000000     0.00000000000000    22.52086294043787             0.00000      -0.00000       0.00011

                             Cell [Angstrom]                                  Stress [GPa]
                11.91752743563000     0.00000000000000     0.00000000000000             0.00010      -0.00000       0.00000
                 0.00000000000000    11.91752743563000     0.00000000000000            -0.00000       0.00011      -0.00000
                 0.00000000000000     0.00000000000000    11.91752743563000             0.00000      -0.00000       0.00011
    Pressure =         0.0001058001 GPa 
    Volume per formula unit =        62.6894874573 Ang**3 

                            Positions [Bohr]                             Forces [Hartree/Bohr]
     1   Ba       0.01889726124994     0.00000000000000     0.00000000000000       -0.00159835533096    -0.00000000000000    -0.00000000000000
     2   Ba       7.50695431347929     0.00000000000000     0.00000000000000        0.00023072469849    -0.00000000000000    -0.00000000000000
     3   Ba      15.01390862695858     0.00000000000000     0.00000000000000        0.00022862505047    -0.00000000000000    -0.00000000000000
     4   Ba       0.00000000000000     7.50695431347929     0.00000000000000       -0.00007023814437    -0.00000039863685    -0.00000000000000
     5   Ba       7.50695431347929     7.50695431347929     0.00000000000000        0.00003259617735     0.00003255607943    -0.00000000000000
     6   Ba      15.01390862695858     7.50695431347929     0.00000000000000        0.00003254885085    -0.00003233946810    -0.00000000000000
     7   Ba       0.00000000000000    15.01390862695858     0.00000000000000       -0.00007023814437     0.00000039863685    -0.00000000000000
     8   Ba       7.50695431347929    15.01390862695858     0.00000000000000        0.00003259617735    -0.00003255607943    -0.00000000000000
     9   Ba      15.01390862695858    15.01390862695858     0.00000000000000        0.00003254885085     0.00003233946810    -0.00000000000000
    10   Ba       0.00000000000000     0.00000000000000     7.50695431347929       -0.00007023814437    -0.00000000000000    -0.00000039863685
    11   Ba       7.50695431347929     0.00000000000000     7.50695431347929        0.00003259617735    -0.00000000000000     0.00003255607943
    12   Ba      15.01390862695858     0.00000000000000     7.50695431347929        0.00003254885085    -0.00000000000000    -0.00003233946810
    13   Ba       0.00000000000000     7.50695431347929     7.50695431347929       -0.00001385507067    -0.00000008638394    -0.00000008638394
    14   Ba       7.50695431347929     7.50695431347929     7.50695431347929        0.00000693665512     0.00000557915595     0.00000557915595
    15   Ba      15.01390862695858     7.50695431347929     7.50695431347929        0.00000697910533    -0.00000555351351    -0.00000555351351
    16   Ba       0.00000000000000    15.01390862695858     7.50695431347929       -0.00001385507067     0.00000008638394    -0.00000008638394
    17   Ba       7.50695431347929    15.01390862695858     7.50695431347929        0.00000693665512    -0.00000557915595     0.00000557915595
    18   Ba      15.01390862695858    15.01390862695858     7.50695431347929        0.00000697910533     0.00000555351351    -0.00000555351351
    19   Ba       0.00000000000000     0.00000000000000    15.01390862695858       -0.00007023814437    -0.00000000000000     0.00000039863685
    20   Ba       7.50695431347929     0.00000000000000    15.01390862695858        0.00003259617735    -0.00000000000000    -0.00003255607943
    21   Ba      15.01390862695858     0.00000000000000    15.01390862695858        0.00003254885085    -0.00000000000000     0.00003233946810
    22   Ba       0.00000000000000     7.50695431347929    15.01390862695858       -0.00001385507067    -0.00000008638394     0.00000008638394
    23   Ba       7.50695431347929     7.50695431347929    15.01390862695858        0.00000693665512     0.00000557915595    -0.00000557915595
    24   Ba      15.01390862695858     7.50695431347929    15.01390862695858        0.00000697910533    -0.00000555351351     0.00000555351351
    25   Ba       0.00000000000000    15.01390862695858    15.01390862695858       -0.00001385507067     0.00000008638394     0.00000008638394
    26   Ba       7.50695431347929    15.01390862695858    15.01390862695858        0.00000693665512    -0.00000557915595    -0.00000557915595
    27   Ba      15.01390862695858    15.01390862695858    15.01390862695858        0.00000697910533     0.00000555351351     0.00000555351351
    28   Ti       3.75347715673965     3.75347715673965     3.75347715673965        0.00003497355724     0.00026257953432     0.00026257953432
    29   Ti      11.26043147021893     3.75347715673965     3.75347715673965        0.00007532228956     0.00000010841153     0.00000010841153
    30   Ti      18.76738578369823     3.75347715673965     3.75347715673965        0.00003684372275    -0.00026152447579    -0.00026152447579
    31   Ti       3.75347715673965    11.26043147021893     3.75347715673965       -0.00001020726022     0.00000000000000     0.00000568293122
    32   Ti      11.26043147021893    11.26043147021893     3.75347715673965        0.00002110871338     0.00000000000000     0.00000002809148
    33   Ti      18.76738578369823    11.26043147021893     3.75347715673965       -0.00001003959693     0.00000000000000    -0.00000569927598
    34   Ti       3.75347715673965    18.76738578369823     3.75347715673965        0.00003497355724    -0.00026257953432     0.00026257953432
    35   Ti      11.26043147021893    18.76738578369823     3.75347715673965        0.00007532228956    -0.00000010841153     0.00000010841153
    36   Ti      18.76738578369823    18.76738578369823     3.75347715673965        0.00003684372275     0.00026152447580    -0.00026152447579
    37   Ti       3.75347715673965     3.75347715673965    11.26043147021893       -0.00001020726022     0.00000568293122     0.00000000000000
    38   Ti      11.26043147021893     3.75347715673965    11.26043147021893        0.00002110871338     0.00000002809148     0.00000000000000
    39   Ti      18.76738578369823     3.75347715673965    11.26043147021893       -0.00001003959693    -0.00000569927598     0.00000000000000
    40   Ti       3.75347715673965    11.26043147021893    11.26043147021893       -0.00000515186020     0.00000000000000     0.00000000000000
    41   Ti      11.26043147021893    11.26043147021893    11.26043147021893        0.00001049353931     0.00000000000000     0.00000000000000
    42   Ti      18.76738578369823    11.26043147021893    11.26043147021893       -0.00000505550924     0.00000000000000     0.00000000000000
    43   Ti       3.75347715673965    18.76738578369823    11.26043147021893       -0.00001020726022    -0.00000568293121     0.00000000000000
    44   Ti      11.26043147021893    18.76738578369823    11.26043147021893        0.00002110871338    -0.00000002809147     0.00000000000000
    45   Ti      18.76738578369823    18.76738578369823    11.26043147021893       -0.00001003959693     0.00000569927599     0.00000000000000
    46   Ti       3.75347715673965     3.75347715673965    18.76738578369823        0.00003497355724     0.00026257953432    -0.00026257953432
    47   Ti      11.26043147021893     3.75347715673965    18.76738578369823        0.00007532228956     0.00000010841153    -0.00000010841153
    48   Ti      18.76738578369823     3.75347715673965    18.76738578369823        0.00003684372275    -0.00026152447579     0.00026152447580
    49   Ti       3.75347715673965    11.26043147021893    18.76738578369823       -0.00001020726022     0.00000000000000    -0.00000568293121
    50   Ti      11.26043147021893    11.26043147021893    18.76738578369823        0.00002110871338     0.00000000000000    -0.00000002809147
    51   Ti      18.76738578369823    11.26043147021893    18.76738578369823       -0.00001003959693     0.00000000000000     0.00000569927599
    52   Ti       3.75347715673965    18.76738578369823    18.76738578369823        0.00003497355724    -0.00026257953432    -0.00026257953432
    53   Ti      11.26043147021893    18.76738578369823    18.76738578369823        0.00007532228956    -0.00000010841153    -0.00000010841153
    54   Ti      18.76738578369823    18.76738578369823    18.76738578369823        0.00003684372275     0.00026152447580     0.00026152447580
    55   O        3.75347715673965     3.75347715673965     0.00000000000000        0.00006820466934    -0.00002434839070    -0.00000000000001
    56   O       11.26043147021893     3.75347715673965     0.00000000000000       -0.00003546557306    -0.00000009942854    -0.00000000000000
    57   O       18.76738578369823     3.75347715673965     0.00000000000000        0.00006345280723     0.00002869452026    -0.00000000000000
    58   O        3.75347715673965    11.26043147021893     0.00000000000000        0.00000735241468    -0.00000000000000    -0.00000000000000
    59   O       11.26043147021893    11.26043147021893     0.00000000000000       -0.00001465466277     0.00000000000000    -0.00000000000000
    60   O       18.76738578369823    11.26043147021893     0.00000000000000        0.00000723714377    -0.00000000000000    -0.00000000000000
    61   O        3.75347715673965    18.76738578369823     0.00000000000000        0.00006820466934     0.00002434839070    -0.00000000000000
    62   O       11.26043147021893    18.76738578369823     0.00000000000000       -0.00003546557306     0.00000009942854    -0.00000000000000
    63   O       18.76738578369823    18.76738578369823     0.00000000000000        0.00006345280723    -0.00002869452026    -0.00000000000000
    64   O        3.75347715673965     3.75347715673965     7.50695431347929        0.00000793702392    -0.00001754670734    -0.00004321418634
    65   O       11.26043147021893     3.75347715673965     7.50695431347929       -0.00001288902273    -0.00000001803471    -0.00000003589516
    66   O       18.76738578369823     3.75347715673965     7.50695431347929        0.00000774847974     0.00001740706502     0.00004320023537
    67   O        3.75347715673965    11.26043147021893     7.50695431347929        0.00000287208286    -0.00000000000000    -0.00000650627785
    68   O       11.26043147021893    11.26043147021893     7.50695431347929       -0.00000571880843    -0.00000000000000    -0.00000001293308
    69   O       18.76738578369823    11.26043147021893     7.50695431347929        0.00000281998069    -0.00000000000000     0.00000650106254
    70   O        3.75347715673965    18.76738578369823     7.50695431347929        0.00000793702392     0.00001754670734    -0.00004321418634
    71   O       11.26043147021893    18.76738578369823     7.50695431347929       -0.00001288902273     0.00000001803471    -0.00000003589516
    72   O       18.76738578369823    18.76738578369823     7.50695431347929        0.00000774847974    -0.00001740706502     0.00004320023537
    73   O        3.75347715673965     3.75347715673965    15.01390862695858        0.00000793702392    -0.00001754670734     0.00004321418634
    74   O       11.26043147021893     3.75347715673965    15.01390862695858       -0.00001288902273    -0.00000001803471     0.00000003589516
    75   O       18.76738578369823     3.75347715673965    15.01390862695858        0.00000774847974     0.00001740706502    -0.00004320023537
    76   O        3.75347715673965    11.26043147021893    15.01390862695858        0.00000287208286     0.00000000000000     0.00000650627784
    77   O       11.26043147021893    11.26043147021893    15.01390862695858       -0.00000571880843    -0.00000000000000     0.00000001293308
    78   O       18.76738578369823    11.26043147021893    15.01390862695858        0.00000281998069    -0.00000000000000    -0.00000650106254
    79   O        3.75347715673965    18.76738578369823    15.01390862695858        0.00000793702392     0.00001754670734     0.00004321418634
    80   O       11.26043147021893    18.76738578369823    15.01390862695858       -0.00001288902273     0.00000001803471     0.00000003589516
    81   O       18.76738578369823    18.76738578369823    15.01390862695858        0.00000774847974    -0.00001740706502    -0.00004320023537
    82   O        3.75347715673965     0.00000000000000     3.75347715673965        0.00006820466934    -0.00000000000001    -0.00002434839070
    83   O       11.26043147021893     0.00000000000000     3.75347715673965       -0.00003546557306    -0.00000000000000    -0.00000009942854
    84   O       18.76738578369823     0.00000000000000     3.75347715673965        0.00006345280723    -0.00000000000000     0.00002869452026
    85   O        3.75347715673965     7.50695431347929     3.75347715673965        0.00000793702392    -0.00004321418634    -0.00001754670734
    86   O       11.26043147021893     7.50695431347929     3.75347715673965       -0.00001288902273    -0.00000003589516    -0.00000001803471
    87   O       18.76738578369823     7.50695431347929     3.75347715673965        0.00000774847974     0.00004320023537     0.00001740706502
    88   O        3.75347715673965    15.01390862695858     3.75347715673965        0.00000793702392     0.00004321418634    -0.00001754670734
    89   O       11.26043147021893    15.01390862695858     3.75347715673965       -0.00001288902273     0.00000003589516    -0.00000001803471
    90   O       18.76738578369823    15.01390862695858     3.75347715673965        0.00000774847974    -0.00004320023537     0.00001740706502
    91   O        3.75347715673965     0.00000000000000    11.26043147021893        0.00000735241468    -0.00000000000001    -0.00000000000000
    92   O       11.26043147021893     0.00000000000000    11.26043147021893       -0.00001465466277    -0.00000000000000    -0.00000000000000
    93   O       18.76738578369823     0.00000000000000    11.26043147021893        0.00000723714377    -0.00000000000000    -0.00000000000000
    94   O        3.75347715673965     7.50695431347929    11.26043147021893        0.00000287208286    -0.00000650627785    -0.00000000000000
    95   O       11.26043147021893     7.50695431347929    11.26043147021893       -0.00000571880843    -0.00000001293308    -0.00000000000000
    96   O       18.76738578369823     7.50695431347929    11.26043147021893        0.00000281998069     0.00000650106254    -0.00000000000000
    97   O        3.75347715673965    15.01390862695858    11.26043147021893        0.00000287208286     0.00000650627784    -0.00000000000000
    98   O       11.26043147021893    15.01390862695858    11.26043147021893       -0.00000571880843     0.00000001293308    -0.00000000000000
    99   O       18.76738578369823    15.01390862695858    11.26043147021893        0.00000281998069    -0.00000650106254    -0.00000000000000
   100   O        3.75347715673965     0.00000000000000    18.76738578369823        0.00006820466934    -0.00000000000000     0.00002434839070
   101   O       11.26043147021893     0.00000000000000    18.76738578369823       -0.00003546557306    -0.00000000000000     0.00000009942854
   102   O       18.76738578369823     0.00000000000000    18.76738578369823        0.00006345280723    -0.00000000000000    -0.00002869452026
   103   O        3.75347715673965     7.50695431347929    18.76738578369823        0.00000793702392    -0.00004321418634     0.00001754670734
   104   O       11.26043147021893     7.50695431347929    18.76738578369823       -0.00001288902273    -0.00000003589516     0.00000001803471
   105   O       18.76738578369823     7.50695431347929    18.76738578369823        0.00000774847974     0.00004320023537    -0.00001740706502
   106   O        3.75347715673965    15.01390862695858    18.76738578369823        0.00000793702392     0.00004321418634     0.00001754670734
   107   O       11.26043147021893    15.01390862695858    18.76738578369823       -0.00001288902273     0.00000003589516     0.00000001803471
   108   O       18.76738578369823    15.01390862695858    18.76738578369823        0.00000774847974    -0.00004320023537    -0.00001740706502
   109   O        0.00000000000000     3.75347715673965     3.75347715673965        0.00014621771823     0.00000031680752     0.00000031680752
   110   O        7.50695431347929     3.75347715673965     3.75347715673965       -0.00005326573692    -0.00002157471507    -0.00002157471507
   111   O       15.01390862695858     3.75347715673965     3.75347715673965       -0.00005338993510     0.00002138937758     0.00002138937758
   112   O        0.00000000000000    11.26043147021893     3.75347715673965        0.00001891872372    -0.00000000000000     0.00000002512519
   113   O        7.50695431347929    11.26043147021893     3.75347715673965       -0.00000920733367    -0.00000000000000    -0.00000365446732
   114   O       15.01390862695858    11.26043147021893     3.75347715673965       -0.00000929331126    -0.00000000000000     0.00000363028063
   115   O        0.00000000000000    18.76738578369823     3.75347715673965        0.00014621771824    -0.00000031680752     0.00000031680752
   116   O        7.50695431347929    18.76738578369823     3.75347715673965       -0.00005326573692     0.00002157471507    -0.00002157471507
   117   O       15.01390862695858    18.76738578369823     3.75347715673965       -0.00005338993510    -0.00002138937758     0.00002138937758
   118   O        0.00000000000000     3.75347715673965    11.26043147021893        0.00001891872372     0.00000002512519    -0.00000000000000
   119   O        7.50695431347929     3.75347715673965    11.26043147021893       -0.00000920733367    -0.00000365446732    -0.00000000000000
   120   O       15.01390862695858     3.75347715673965    11.26043147021893       -0.00000929331126     0.00000363028063    -0.00000000000000
   121   O        0.00000000000000    11.26043147021893    11.26043147021893        0.00000767069291    -0.00000000000000    -0.00000000000000
   122   O        7.50695431347929    11.26043147021893    11.26043147021893       -0.00000380135329    -0.00000000000000    -0.00000000000000
   123   O       15.01390862695858    11.26043147021893    11.26043147021893       -0.00000384869833    -0.00000000000000    -0.00000000000000
   124   O        0.00000000000000    18.76738578369823    11.26043147021893        0.00001891872372    -0.00000002512519    -0.00000000000000
   125   O        7.50695431347929    18.76738578369823    11.26043147021893       -0.00000920733367     0.00000365446732    -0.00000000000000
   126   O       15.01390862695858    18.76738578369823    11.26043147021893       -0.00000929331126    -0.00000363028064    -0.00000000000000
   127   O        0.00000000000000     3.75347715673965    18.76738578369823        0.00014621771824     0.00000031680752    -0.00000031680752
   128   O        7.50695431347929     3.75347715673965    18.76738578369823       -0.00005326573692    -0.00002157471507     0.00002157471507
   129   O       15.01390862695858     3.75347715673965    18.76738578369823       -0.00005338993510     0.00002138937758    -0.00002138937758
   130   O        0.00000000000000    11.26043147021893    18.76738578369823        0.00001891872372    -0.00000000000000    -0.00000002512519
   131   O        7.50695431347929    11.26043147021893    18.76738578369823       -0.00000920733367    -0.00000000000000     0.00000365446732
   132   O       15.01390862695858    11.26043147021893    18.76738578369823       -0.00000929331126    -0.00000000000000    -0.00000363028063
   133   O        0.00000000000000    18.76738578369823    18.76738578369823        0.00014621771824    -0.00000031680752    -0.00000031680752
   134   O        7.50695431347929    18.76738578369823    18.76738578369823       -0.00005326573692     0.00002157471507     0.00002157471507
   135   O       15.01390862695858    18.76738578369823    18.76738578369823       -0.00005338993510    -0.00002138937758    -0.00002138937758

                            Positions [Scaled sort of]                             Forces[eV/Angstrom]
     1   Ba       0.00083910022897     0.00000000000000     0.00000000000000       -0.08219072848926    -0.00000000000005    -0.00000000000006
     2   Ba       0.33333333333333     0.00000000000000     0.00000000000000        0.01186433997602    -0.00000000000005    -0.00000000000005
     3   Ba       0.66666666666667     0.00000000000000     0.00000000000000        0.01175637174352    -0.00000000000006    -0.00000000000006
     4   Ba       0.00000000000000     0.33333333333333     0.00000000000000       -0.00361179028345    -0.00002049872932    -0.00000000000005
     5   Ba       0.33333333333333     0.33333333333333     0.00000000000000        0.00167616268447     0.00167410076690    -0.00000000000006
     6   Ba       0.66666666666667     0.33333333333333     0.00000000000000        0.00167372905819    -0.00166296216511    -0.00000000000005
     7   Ba       0.00000000000000     0.66666666666667     0.00000000000000       -0.00361179028346     0.00002049872931    -0.00000000000006
     8   Ba       0.33333333333333     0.66666666666667     0.00000000000000        0.00167616268446    -0.00167410076689    -0.00000000000005
     9   Ba       0.66666666666667     0.66666666666667     0.00000000000000        0.00167372905820     0.00166296216512    -0.00000000000007
    10   Ba       0.00000000000000     0.00000000000000     0.33333333333333       -0.00361179028345    -0.00000000000005    -0.00002049872932
    11   Ba       0.33333333333333     0.00000000000000     0.33333333333333        0.00167616268446    -0.00000000000005     0.00167410076690
    12   Ba       0.66666666666667     0.00000000000000     0.33333333333333        0.00167372905820    -0.00000000000005    -0.00166296216510
    13   Ba       0.00000000000000     0.33333333333333     0.33333333333333       -0.00071245631649    -0.00000444204064    -0.00000444204063
    14   Ba       0.33333333333333     0.33333333333333     0.33333333333333        0.00035669711620     0.00028689170885     0.00028689170885
    15   Ba       0.66666666666667     0.33333333333333     0.33333333333333        0.00035887999367    -0.00028557312155    -0.00028557312155
    16   Ba       0.00000000000000     0.66666666666667     0.33333333333333       -0.00071245631649     0.00000444204065    -0.00000444204063
    17   Ba       0.33333333333333     0.66666666666667     0.33333333333333        0.00035669711619    -0.00028689170881     0.00028689170884
    18   Ba       0.66666666666667     0.66666666666667     0.33333333333333        0.00035887999366     0.00028557312157    -0.00028557312156
    19   Ba       0.00000000000000     0.00000000000000     0.66666666666667       -0.00361179028347    -0.00000000000006     0.00002049872931
    20   Ba       0.33333333333333     0.00000000000000     0.66666666666667        0.00167616268446    -0.00000000000005    -0.00167410076689
    21   Ba       0.66666666666667     0.00000000000000     0.66666666666667        0.00167372905820    -0.00000000000006     0.00166296216513
    22   Ba       0.00000000000000     0.33333333333333     0.66666666666667       -0.00071245631649    -0.00000444204064     0.00000444204065
    23   Ba       0.33333333333333     0.33333333333333     0.66666666666667        0.00035669711618     0.00028689170883    -0.00028689170881
    24   Ba       0.66666666666667     0.33333333333333     0.66666666666667        0.00035887999367    -0.00028557312156     0.00028557312157
    25   Ba       0.00000000000000     0.66666666666667     0.66666666666667       -0.00071245631650     0.00000444204065     0.00000444204065
    26   Ba       0.33333333333333     0.66666666666667     0.66666666666667        0.00035669711618    -0.00028689170882    -0.00028689170882
    27   Ba       0.66666666666667     0.66666666666667     0.66666666666667        0.00035887999365     0.00028557312156     0.00028557312157
    28   Ti       0.16666666666667     0.16666666666667     0.16666666666667        0.00179841246275     0.01350238135053     0.01350238135053
    29   Ti       0.50000000000000     0.16666666666667     0.16666666666667        0.00387322751730     0.00000557474469     0.00000557474470
    30   Ti       0.83333333333333     0.16666666666667     0.16666666666667        0.00189458023140    -0.01344812806418    -0.01344812806419
    31   Ti       0.16666666666667     0.50000000000000     0.16666666666667       -0.00052487837807     0.00000000000006     0.00029222804699
    32   Ti       0.50000000000000     0.50000000000000     0.16666666666667        0.00108545358899     0.00000000000003     0.00000144452190
    33   Ti       0.83333333333333     0.50000000000000     0.16666666666667       -0.00051625678548     0.00000000000004    -0.00029306852854
    34   Ti       0.16666666666667     0.83333333333333     0.16666666666667        0.00179841246281    -0.01350238135021     0.01350238135059
    35   Ti       0.50000000000000     0.83333333333333     0.16666666666667        0.00387322751728    -0.00000557474436     0.00000557474473
    36   Ti       0.83333333333333     0.83333333333333     0.16666666666667        0.00189458023138     0.01344812806455    -0.01344812806415
    37   Ti       0.16666666666667     0.16666666666667     0.50000000000000       -0.00052487837809     0.00029222804698     0.00000000000006
    38   Ti       0.50000000000000     0.16666666666667     0.50000000000000        0.00108545358901     0.00000144452191     0.00000000000005
    39   Ti       0.83333333333333     0.16666666666667     0.50000000000000       -0.00051625678548    -0.00029306852853     0.00000000000007
    40   Ti       0.16666666666667     0.50000000000000     0.50000000000000       -0.00026491927988     0.00000000000005     0.00000000000006
    41   Ti       0.50000000000000     0.50000000000000     0.50000000000000        0.00053959943929     0.00000000000003     0.00000000000004
    42   Ti       0.83333333333333     0.50000000000000     0.50000000000000       -0.00025996471476     0.00000000000001     0.00000000000005
    43   Ti       0.16666666666667     0.83333333333333     0.50000000000000       -0.00052487837802    -0.00029222804666     0.00000000000007
    44   Ti       0.50000000000000     0.83333333333333     0.50000000000000        0.00108545358897    -0.00000144452156     0.00000000000005
    45   Ti       0.83333333333333     0.83333333333333     0.50000000000000       -0.00051625678547     0.00029306852892     0.00000000000002
    46   Ti       0.16666666666667     0.16666666666667     0.83333333333333        0.00179841246281     0.01350238135060    -0.01350238135022
    47   Ti       0.50000000000000     0.16666666666667     0.83333333333333        0.00387322751728     0.00000557474474    -0.00000557474438
    48   Ti       0.83333333333333     0.16666666666667     0.83333333333333        0.00189458023138    -0.01344812806416     0.01344812806454
    49   Ti       0.16666666666667     0.50000000000000     0.83333333333333       -0.00052487837804     0.00000000000004    -0.00029222804668
    50   Ti       0.50000000000000     0.50000000000000     0.83333333333333        0.00108545358897     0.00000000000002    -0.00000144452157
    51   Ti       0.83333333333333     0.50000000000000     0.83333333333333       -0.00051625678547     0.00000000000003     0.00029306852890
    52   Ti       0.16666666666667     0.83333333333333     0.83333333333333        0.00179841246283    -0.01350238135022    -0.01350238135024
    53   Ti       0.50000000000000     0.83333333333333     0.83333333333333        0.00387322751727    -0.00000557474435    -0.00000557474438
    54   Ti       0.83333333333333     0.83333333333333     0.83333333333333        0.00189458023141     0.01344812806459     0.01344812806458
    55   O        0.16666666666667     0.16666666666667     0.00000000000000        0.00350722480220    -0.00125204448003    -0.00000000000027
    56   O        0.50000000000000     0.16666666666667     0.00000000000000       -0.00182371293132    -0.00000511282048    -0.00000000000025
    57   O        0.83333333333333     0.16666666666667     0.00000000000000        0.00326287424962     0.00147553142794    -0.00000000000025
    58   O        0.16666666666667     0.50000000000000     0.00000000000000        0.00037807633093    -0.00000000000002    -0.00000000000025
    59   O        0.50000000000000     0.50000000000000     0.00000000000000       -0.00075357299198     0.00000000000000    -0.00000000000023
    60   O        0.83333333333333     0.50000000000000     0.00000000000000        0.00037214886260    -0.00000000000001    -0.00000000000024
    61   O        0.16666666666667     0.83333333333333     0.00000000000000        0.00350722480220     0.00125204448002    -0.00000000000025
    62   O        0.50000000000000     0.83333333333333     0.00000000000000       -0.00182371293131     0.00000511282047    -0.00000000000024
    63   O        0.83333333333333     0.83333333333333     0.00000000000000        0.00326287424962    -0.00147553142794    -0.00000000000022
    64   O        0.16666666666667     0.16666666666667     0.33333333333333        0.00040813814399    -0.00090228788997    -0.00222216261151
    65   O        0.50000000000000     0.16666666666667     0.33333333333333       -0.00066278013842    -0.00000092738186    -0.00000184580343
    66   O        0.83333333333333     0.16666666666667     0.33333333333333        0.00039844281307     0.00089510719368     0.00222144522389
    67   O        0.16666666666667     0.50000000000000     0.33333333333333        0.00014768842555    -0.00000000000002    -0.00033456622917
    68   O        0.50000000000000     0.50000000000000     0.33333333333333       -0.00029407292728    -0.00000000000001    -0.00000066504582
    69   O        0.83333333333333     0.50000000000000     0.33333333333333        0.00014500922473    -0.00000000000001     0.00033429804713
    70   O        0.16666666666667     0.83333333333333     0.33333333333333        0.00040813814398     0.00090228788998    -0.00222216261151
    71   O        0.50000000000000     0.83333333333333     0.33333333333333       -0.00066278013842     0.00000092738188    -0.00000184580342
    72   O        0.83333333333333     0.83333333333333     0.33333333333333        0.00039844281307    -0.00089510719368     0.00222144522389
    73   O        0.16666666666667     0.16666666666667     0.66666666666667        0.00040813814398    -0.00090228788998     0.00222216261142
    74   O        0.50000000000000     0.16666666666667     0.66666666666667       -0.00066278013840    -0.00000092738188     0.00000184580333
    75   O        0.83333333333333     0.16666666666667     0.66666666666667        0.00039844281308     0.00089510719367    -0.00222144522398
    76   O        0.16666666666667     0.50000000000000     0.66666666666667        0.00014768842553     0.00000000000001     0.00033456622908
    77   O        0.50000000000000     0.50000000000000     0.66666666666667       -0.00029407292728    -0.00000000000001     0.00000066504573
    78   O        0.83333333333333     0.50000000000000     0.66666666666667        0.00014500922472    -0.00000000000001    -0.00033429804721
    79   O        0.16666666666667     0.83333333333333     0.66666666666667        0.00040813814397     0.00090228788999     0.00222216261142
    80   O        0.50000000000000     0.83333333333333     0.66666666666667       -0.00066278013841     0.00000092738187     0.00000184580334
    81   O        0.83333333333333     0.83333333333333     0.66666666666667        0.00039844281305    -0.00089510719370    -0.00222144522399
    82   O        0.16666666666667     0.00000000000000     0.16666666666667        0.00350722480220    -0.00000000000028    -0.00125204448002
    83   O        0.50000000000000     0.00000000000000     0.16666666666667       -0.00182371293131    -0.00000000000025    -0.00000511282048
    84   O        0.83333333333333     0.00000000000000     0.16666666666667        0.00326287424962    -0.00000000000026     0.00147553142794
    85   O        0.16666666666667     0.33333333333333     0.16666666666667        0.00040813814400    -0.00222216261151    -0.00090228788997
    86   O        0.50000000000000     0.33333333333333     0.16666666666667       -0.00066278013842    -0.00000184580343    -0.00000092738186
    87   O        0.83333333333333     0.33333333333333     0.16666666666667        0.00039844281307     0.00222144522390     0.00089510719367
    88   O        0.16666666666667     0.66666666666667     0.16666666666667        0.00040813814398     0.00222216261142    -0.00090228788998
    89   O        0.50000000000000     0.66666666666667     0.16666666666667       -0.00066278013840     0.00000184580334    -0.00000092738188
    90   O        0.83333333333333     0.66666666666667     0.16666666666667        0.00039844281307    -0.00222144522398     0.00089510719367
    91   O        0.16666666666667     0.00000000000000     0.50000000000000        0.00037807633093    -0.00000000000027    -0.00000000000002
    92   O        0.50000000000000     0.00000000000000     0.50000000000000       -0.00075357299198    -0.00000000000023    -0.00000000000001
    93   O        0.83333333333333     0.00000000000000     0.50000000000000        0.00037214886260    -0.00000000000024    -0.00000000000003
    94   O        0.16666666666667     0.33333333333333     0.50000000000000        0.00014768842555    -0.00033456622918    -0.00000000000003
    95   O        0.50000000000000     0.33333333333333     0.50000000000000       -0.00029407292728    -0.00000066504581    -0.00000000000002
    96   O        0.83333333333333     0.33333333333333     0.50000000000000        0.00014500922473     0.00033429804713    -0.00000000000003
    97   O        0.16666666666667     0.66666666666667     0.50000000000000        0.00014768842553     0.00033456622909    -0.00000000000001
    98   O        0.50000000000000     0.66666666666667     0.50000000000000       -0.00029407292727     0.00000066504572    -0.00000000000002
    99   O        0.83333333333333     0.66666666666667     0.50000000000000        0.00014500922472    -0.00033429804722    -0.00000000000002
   100   O        0.16666666666667     0.00000000000000     0.83333333333333        0.00350722480221    -0.00000000000025     0.00125204448003
   101   O        0.50000000000000     0.00000000000000     0.83333333333333       -0.00182371293131    -0.00000000000024     0.00000511282049
   102   O        0.83333333333333     0.00000000000000     0.83333333333333        0.00326287424961    -0.00000000000022    -0.00147553142794
   103   O        0.16666666666667     0.33333333333333     0.83333333333333        0.00040813814397    -0.00222216261151     0.00090228789000
   104   O        0.50000000000000     0.33333333333333     0.83333333333333       -0.00066278013842    -0.00000184580342     0.00000092738189
   105   O        0.83333333333333     0.33333333333333     0.83333333333333        0.00039844281307     0.00222144522390    -0.00089510719367
   106   O        0.16666666666667     0.66666666666667     0.83333333333333        0.00040813814397     0.00222216261142     0.00090228788999
   107   O        0.50000000000000     0.66666666666667     0.83333333333333       -0.00066278013841     0.00000184580334     0.00000092738188
   108   O        0.83333333333333     0.66666666666667     0.83333333333333        0.00039844281306    -0.00222144522398    -0.00089510719368
   109   O        0.00000000000000     0.16666666666667     0.16666666666667        0.00751881671550     0.00001629089629     0.00001629089629
   110   O        0.33333333333333     0.16666666666667     0.16666666666667       -0.00273903407866    -0.00110941635713    -0.00110941635714
   111   O        0.66666666666667     0.16666666666667     0.16666666666667       -0.00274542060508     0.00109988592092     0.00109988592092
   112   O        0.00000000000000     0.50000000000000     0.16666666666667        0.00097283980247    -0.00000000000001     0.00000129198909
   113   O        0.33333333333333     0.50000000000000     0.16666666666667       -0.00047346009190    -0.00000000000002    -0.00018792024879
   114   O        0.66666666666667     0.50000000000000     0.16666666666667       -0.00047788123664    -0.00000000000000     0.00018667651943
   115   O        0.00000000000000     0.83333333333333     0.16666666666667        0.00751881671552    -0.00001629089628     0.00001629089629
   116   O        0.33333333333333     0.83333333333333     0.16666666666667       -0.00273903407866     0.00110941635715    -0.00110941635716
   117   O        0.66666666666667     0.83333333333333     0.16666666666667       -0.00274542060508    -0.00109988592092     0.00109988592091
   118   O        0.00000000000000     0.16666666666667     0.50000000000000        0.00097283980246     0.00000129198909    -0.00000000000003
   119   O        0.33333333333333     0.16666666666667     0.50000000000000       -0.00047346009190    -0.00018792024880    -0.00000000000003
   120   O        0.66666666666667     0.16666666666667     0.50000000000000       -0.00047788123663     0.00018667651943    -0.00000000000001
   121   O        0.00000000000000     0.50000000000000     0.50000000000000        0.00039444285398    -0.00000000000000    -0.00000000000002
   122   O        0.33333333333333     0.50000000000000     0.50000000000000       -0.00019547342809    -0.00000000000001    -0.00000000000002
   123   O        0.66666666666667     0.50000000000000     0.50000000000000       -0.00019790800788    -0.00000000000000    -0.00000000000002
   124   O        0.00000000000000     0.83333333333333     0.50000000000000        0.00097283980249    -0.00000129198909    -0.00000000000003
   125   O        0.33333333333333     0.83333333333333     0.50000000000000       -0.00047346009190     0.00018792024882    -0.00000000000002
   126   O        0.66666666666667     0.83333333333333     0.50000000000000       -0.00047788123664    -0.00018667651944    -0.00000000000001
   127   O        0.00000000000000     0.16666666666667     0.83333333333333        0.00751881671553     0.00001629089629    -0.00001629089628
   128   O        0.33333333333333     0.16666666666667     0.83333333333333       -0.00273903407866    -0.00110941635716     0.00110941635717
   129   O        0.66666666666667     0.16666666666667     0.83333333333333       -0.00274542060508     0.00109988592091    -0.00109988592091
   130   O        0.00000000000000     0.50000000000000     0.83333333333333        0.00097283980248    -0.00000000000001    -0.00000129198908
   131   O        0.33333333333333     0.50000000000000     0.83333333333333       -0.00047346009189    -0.00000000000002     0.00018792024882
   132   O        0.66666666666667     0.50000000000000     0.83333333333333       -0.00047788123664    -0.00000000000001    -0.00018667651943
   133   O        0.00000000000000     0.83333333333333     0.83333333333333        0.00751881671556    -0.00001629089630    -0.00001629089628
   134   O        0.33333333333333     0.83333333333333     0.83333333333333       -0.00273903407865     0.00110941635715     0.00110941635716
   135   O        0.66666666666667     0.83333333333333     0.83333333333333       -0.00274542060509    -0.00109988592093    -0.00109988592092

                            Positions [asap Scaled   ]                            Forces again[eV/Angstrom]again
     1   Ba       0.00083910022897     0.00000000000000     0.00000000000000       -0.08219072848926    -0.00000000000005    -0.00000000000006
     2   Ba       0.33333333333333     0.00000000000000     0.00000000000000        0.01186433997602    -0.00000000000005    -0.00000000000005
     3   Ba       0.66666666666667     0.00000000000000     0.00000000000000        0.01175637174352    -0.00000000000006    -0.00000000000006
     4   Ba       0.00000000000000     0.33333333333333     0.00000000000000       -0.00361179028345    -0.00002049872932    -0.00000000000005
     5   Ba       0.33333333333333     0.33333333333333     0.00000000000000        0.00167616268447     0.00167410076690    -0.00000000000006
     6   Ba       0.66666666666667     0.33333333333333     0.00000000000000        0.00167372905819    -0.00166296216511    -0.00000000000005
     7   Ba       0.00000000000000     0.66666666666667     0.00000000000000       -0.00361179028346     0.00002049872931    -0.00000000000006
     8   Ba       0.33333333333333     0.66666666666667     0.00000000000000        0.00167616268446    -0.00167410076689    -0.00000000000005
     9   Ba       0.66666666666667     0.66666666666667     0.00000000000000        0.00167372905820     0.00166296216512    -0.00000000000007
    10   Ba       0.00000000000000     0.00000000000000     0.33333333333333       -0.00361179028345    -0.00000000000005    -0.00002049872932
    11   Ba       0.33333333333333     0.00000000000000     0.33333333333333        0.00167616268446    -0.00000000000005     0.00167410076690
    12   Ba       0.66666666666667     0.00000000000000     0.33333333333333        0.00167372905820    -0.00000000000005    -0.00166296216510
    13   Ba       0.00000000000000     0.33333333333333     0.33333333333333       -0.00071245631649    -0.00000444204064    -0.00000444204063
    14   Ba       0.33333333333333     0.33333333333333     0.33333333333333        0.00035669711620     0.00028689170885     0.00028689170885
    15   Ba       0.66666666666667     0.33333333333333     0.33333333333333        0.00035887999367    -0.00028557312155    -0.00028557312155
    16   Ba       0.00000000000000     0.66666666666667     0.33333333333333       -0.00071245631649     0.00000444204065    -0.00000444204063
    17   Ba       0.33333333333333     0.66666666666667     0.33333333333333        0.00035669711619    -0.00028689170881     0.00028689170884
    18   Ba       0.66666666666667     0.66666666666667     0.33333333333333        0.00035887999366     0.00028557312157    -0.00028557312156
    19   Ba       0.00000000000000     0.00000000000000     0.66666666666667       -0.00361179028347    -0.00000000000006     0.00002049872931
    20   Ba       0.33333333333333     0.00000000000000     0.66666666666667        0.00167616268446    -0.00000000000005    -0.00167410076689
    21   Ba       0.66666666666667     0.00000000000000     0.66666666666667        0.00167372905820    -0.00000000000006     0.00166296216513
    22   Ba       0.00000000000000     0.33333333333333     0.66666666666667       -0.00071245631649    -0.00000444204064     0.00000444204065
    23   Ba       0.33333333333333     0.33333333333333     0.66666666666667        0.00035669711618     0.00028689170883    -0.00028689170881
    24   Ba       0.66666666666667     0.33333333333333     0.66666666666667        0.00035887999367    -0.00028557312156     0.00028557312157
    25   Ba       0.00000000000000     0.66666666666667     0.66666666666667       -0.00071245631650     0.00000444204065     0.00000444204065
    26   Ba       0.33333333333333     0.66666666666667     0.66666666666667        0.00035669711618    -0.00028689170882    -0.00028689170882
    27   Ba       0.66666666666667     0.66666666666667     0.66666666666667        0.00035887999365     0.00028557312156     0.00028557312157
    28   Ti       0.16666666666667     0.16666666666667     0.16666666666667        0.00179841246275     0.01350238135053     0.01350238135053
    29   Ti       0.50000000000000     0.16666666666667     0.16666666666667        0.00387322751730     0.00000557474469     0.00000557474470
    30   Ti       0.83333333333333     0.16666666666667     0.16666666666667        0.00189458023140    -0.01344812806418    -0.01344812806419
    31   Ti       0.16666666666667     0.50000000000000     0.16666666666667       -0.00052487837807     0.00000000000006     0.00029222804699
    32   Ti       0.50000000000000     0.50000000000000     0.16666666666667        0.00108545358899     0.00000000000003     0.00000144452190
    33   Ti       0.83333333333333     0.50000000000000     0.16666666666667       -0.00051625678548     0.00000000000004    -0.00029306852854
    34   Ti       0.16666666666667     0.83333333333333     0.16666666666667        0.00179841246281    -0.01350238135021     0.01350238135059
    35   Ti       0.50000000000000     0.83333333333333     0.16666666666667        0.00387322751728    -0.00000557474436     0.00000557474473
    36   Ti       0.83333333333333     0.83333333333333     0.16666666666667        0.00189458023138     0.01344812806455    -0.01344812806415
    37   Ti       0.16666666666667     0.16666666666667     0.50000000000000       -0.00052487837809     0.00029222804698     0.00000000000006
    38   Ti       0.50000000000000     0.16666666666667     0.50000000000000        0.00108545358901     0.00000144452191     0.00000000000005
    39   Ti       0.83333333333333     0.16666666666667     0.50000000000000       -0.00051625678548    -0.00029306852853     0.00000000000007
    40   Ti       0.16666666666667     0.50000000000000     0.50000000000000       -0.00026491927988     0.00000000000005     0.00000000000006
    41   Ti       0.50000000000000     0.50000000000000     0.50000000000000        0.00053959943929     0.00000000000003     0.00000000000004
    42   Ti       0.83333333333333     0.50000000000000     0.50000000000000       -0.00025996471476     0.00000000000001     0.00000000000005
    43   Ti       0.16666666666667     0.83333333333333     0.50000000000000       -0.00052487837802    -0.00029222804666     0.00000000000007
    44   Ti       0.50000000000000     0.83333333333333     0.50000000000000        0.00108545358897    -0.00000144452156     0.00000000000005
    45   Ti       0.83333333333333     0.83333333333333     0.50000000000000       -0.00051625678547     0.00029306852892     0.00000000000002
    46   Ti       0.16666666666667     0.16666666666667     0.83333333333333        0.00179841246281     0.01350238135060    -0.01350238135022
    47   Ti       0.50000000000000     0.16666666666667     0.83333333333333        0.00387322751728     0.00000557474474    -0.00000557474438
    48   Ti       0.83333333333333     0.16666666666667     0.83333333333333        0.00189458023138    -0.01344812806416     0.01344812806454
    49   Ti       0.16666666666667     0.50000000000000     0.83333333333333       -0.00052487837804     0.00000000000004    -0.00029222804668
    50   Ti       0.50000000000000     0.50000000000000     0.83333333333333        0.00108545358897     0.00000000000002    -0.00000144452157
    51   Ti       0.83333333333333     0.50000000000000     0.83333333333333       -0.00051625678547     0.00000000000003     0.00029306852890
    52   Ti       0.16666666666667     0.83333333333333     0.83333333333333        0.00179841246283    -0.01350238135022    -0.01350238135024
    53   Ti       0.50000000000000     0.83333333333333     0.83333333333333        0.00387322751727    -0.00000557474435    -0.00000557474438
    54   Ti       0.83333333333333     0.83333333333333     0.83333333333333        0.00189458023141     0.01344812806459     0.01344812806458
    55   O        0.16666666666667     0.16666666666667     0.00000000000000        0.00350722480220    -0.00125204448003    -0.00000000000027
    56   O        0.50000000000000     0.16666666666667     0.00000000000000       -0.00182371293132    -0.00000511282048    -0.00000000000025
    57   O        0.83333333333333     0.16666666666667     0.00000000000000        0.00326287424962     0.00147553142794    -0.00000000000025
    58   O        0.16666666666667     0.50000000000000     0.00000000000000        0.00037807633093    -0.00000000000002    -0.00000000000025
    59   O        0.50000000000000     0.50000000000000     0.00000000000000       -0.00075357299198     0.00000000000000    -0.00000000000023
    60   O        0.83333333333333     0.50000000000000     0.00000000000000        0.00037214886260    -0.00000000000001    -0.00000000000024
    61   O        0.16666666666667     0.83333333333333     0.00000000000000        0.00350722480220     0.00125204448002    -0.00000000000025
    62   O        0.50000000000000     0.83333333333333     0.00000000000000       -0.00182371293131     0.00000511282047    -0.00000000000024
    63   O        0.83333333333333     0.83333333333333     0.00000000000000        0.00326287424962    -0.00147553142794    -0.00000000000022
    64   O        0.16666666666667     0.16666666666667     0.33333333333333        0.00040813814399    -0.00090228788997    -0.00222216261151
    65   O        0.50000000000000     0.16666666666667     0.33333333333333       -0.00066278013842    -0.00000092738186    -0.00000184580343
    66   O        0.83333333333333     0.16666666666667     0.33333333333333        0.00039844281307     0.00089510719368     0.00222144522389
    67   O        0.16666666666667     0.50000000000000     0.33333333333333        0.00014768842555    -0.00000000000002    -0.00033456622917
    68   O        0.50000000000000     0.50000000000000     0.33333333333333       -0.00029407292728    -0.00000000000001    -0.00000066504582
    69   O        0.83333333333333     0.50000000000000     0.33333333333333        0.00014500922473    -0.00000000000001     0.00033429804713
    70   O        0.16666666666667     0.83333333333333     0.33333333333333        0.00040813814398     0.00090228788998    -0.00222216261151
    71   O        0.50000000000000     0.83333333333333     0.33333333333333       -0.00066278013842     0.00000092738188    -0.00000184580342
    72   O        0.83333333333333     0.83333333333333     0.33333333333333        0.00039844281307    -0.00089510719368     0.00222144522389
    73   O        0.16666666666667     0.16666666666667     0.66666666666667        0.00040813814398    -0.00090228788998     0.00222216261142
    74   O        0.50000000000000     0.16666666666667     0.66666666666667       -0.00066278013840    -0.00000092738188     0.00000184580333
    75   O        0.83333333333333     0.16666666666667     0.66666666666667        0.00039844281308     0.00089510719367    -0.00222144522398
    76   O        0.16666666666667     0.50000000000000     0.66666666666667        0.00014768842553     0.00000000000001     0.00033456622908
    77   O        0.50000000000000     0.50000000000000     0.66666666666667       -0.00029407292728    -0.00000000000001     0.00000066504573
    78   O        0.83333333333333     0.50000000000000     0.66666666666667        0.00014500922472    -0.00000000000001    -0.00033429804721
    79   O        0.16666666666667     0.83333333333333     0.66666666666667        0.00040813814397     0.00090228788999     0.00222216261142
    80   O        0.50000000000000     0.83333333333333     0.66666666666667       -0.00066278013841     0.00000092738187     0.00000184580334
    81   O        0.83333333333333     0.83333333333333     0.66666666666667        0.00039844281305    -0.00089510719370    -0.00222144522399
    82   O        0.16666666666667     0.00000000000000     0.16666666666667        0.00350722480220    -0.00000000000028    -0.00125204448002
    83   O        0.50000000000000     0.00000000000000     0.16666666666667       -0.00182371293131    -0.00000000000025    -0.00000511282048
    84   O        0.83333333333333     0.00000000000000     0.16666666666667        0.00326287424962    -0.00000000000026     0.00147553142794
    85   O        0.16666666666667     0.33333333333333     0.16666666666667        0.00040813814400    -0.00222216261151    -0.00090228788997
    86   O        0.50000000000000     0.33333333333333     0.16666666666667       -0.00066278013842    -0.00000184580343    -0.00000092738186
    87   O        0.83333333333333     0.33333333333333     0.16666666666667        0.00039844281307     0.00222144522390     0.00089510719367
    88   O        0.16666666666667     0.66666666666667     0.16666666666667        0.00040813814398     0.00222216261142    -0.00090228788998
    89   O        0.50000000000000     0.66666666666667     0.16666666666667       -0.00066278013840     0.00000184580334    -0.00000092738188
    90   O        0.83333333333333     0.66666666666667     0.16666666666667        0.00039844281307    -0.00222144522398     0.00089510719367
    91   O        0.16666666666667     0.00000000000000     0.50000000000000        0.00037807633093    -0.00000000000027    -0.00000000000002
    92   O        0.50000000000000     0.00000000000000     0.50000000000000       -0.00075357299198    -0.00000000000023    -0.00000000000001
    93   O        0.83333333333333     0.00000000000000     0.50000000000000        0.00037214886260    -0.00000000000024    -0.00000000000003
    94   O        0.16666666666667     0.33333333333333     0.50000000000000        0.00014768842555    -0.00033456622918    -0.00000000000003
    95   O        0.50000000000000     0.33333333333333     0.50000000000000       -0.00029407292728    -0.00000066504581    -0.00000000000002
    96   O        0.83333333333333     0.33333333333333     0.50000000000000        0.00014500922473     0.00033429804713    -0.00000000000003
    97   O        0.16666666666667     0.66666666666667     0.50000000000000        0.00014768842553     0.00033456622909    -0.00000000000001
    98   O        0.50000000000000     0.66666666666667     0.50000000000000       -0.00029407292727     0.00000066504572    -0.00000000000002
    99   O        0.83333333333333     0.66666666666667     0.50000000000000        0.00014500922472    -0.00033429804722    -0.00000000000002
   100   O        0.16666666666667     0.00000000000000     0.83333333333333        0.00350722480221    -0.00000000000025     0.00125204448003
   101   O        0.50000000000000     0.00000000000000     0.83333333333333       -0.00182371293131    -0.00000000000024     0.00000511282049
   102   O        0.83333333333333     0.00000000000000     0.83333333333333        0.00326287424961    -0.00000000000022    -0.00147553142794
   103   O        0.16666666666667     0.33333333333333     0.83333333333333        0.00040813814397    -0.00222216261151     0.00090228789000
   104   O        0.50000000000000     0.33333333333333     0.83333333333333       -0.00066278013842    -0.00000184580342     0.00000092738189
   105   O        0.83333333333333     0.33333333333333     0.83333333333333        0.00039844281307     0.00222144522390    -0.00089510719367
   106   O        0.16666666666667     0.66666666666667     0.83333333333333        0.00040813814397     0.00222216261142     0.00090228788999
   107   O        0.50000000000000     0.66666666666667     0.83333333333333       -0.00066278013841     0.00000184580334     0.00000092738188
   108   O        0.83333333333333     0.66666666666667     0.83333333333333        0.00039844281306    -0.00222144522398    -0.00089510719368
   109   O        0.00000000000000     0.16666666666667     0.16666666666667        0.00751881671550     0.00001629089629     0.00001629089629
   110   O        0.33333333333333     0.16666666666667     0.16666666666667       -0.00273903407866    -0.00110941635713    -0.00110941635714
   111   O        0.66666666666667     0.16666666666667     0.16666666666667       -0.00274542060508     0.00109988592092     0.00109988592092
   112   O        0.00000000000000     0.50000000000000     0.16666666666667        0.00097283980247    -0.00000000000001     0.00000129198909
   113   O        0.33333333333333     0.50000000000000     0.16666666666667       -0.00047346009190    -0.00000000000002    -0.00018792024879
   114   O        0.66666666666667     0.50000000000000     0.16666666666667       -0.00047788123664    -0.00000000000000     0.00018667651943
   115   O        0.00000000000000     0.83333333333333     0.16666666666667        0.00751881671552    -0.00001629089628     0.00001629089629
   116   O        0.33333333333333     0.83333333333333     0.16666666666667       -0.00273903407866     0.00110941635715    -0.00110941635716
   117   O        0.66666666666667     0.83333333333333     0.16666666666667       -0.00274542060508    -0.00109988592092     0.00109988592091
   118   O        0.00000000000000     0.16666666666667     0.50000000000000        0.00097283980246     0.00000129198909    -0.00000000000003
   119   O        0.33333333333333     0.16666666666667     0.50000000000000       -0.00047346009190    -0.00018792024880    -0.00000000000003
   120   O        0.66666666666667     0.16666666666667     0.50000000000000       -0.00047788123663     0.00018667651943    -0.00000000000001
   121   O        0.00000000000000     0.50000000000000     0.50000000000000        0.00039444285398    -0.00000000000000    -0.00000000000002
   122   O        0.33333333333333     0.50000000000000     0.50000000000000       -0.00019547342809    -0.00000000000001    -0.00000000000002
   123   O        0.66666666666667     0.50000000000000     0.50000000000000       -0.00019790800788    -0.00000000000000    -0.00000000000002
   124   O        0.00000000000000     0.83333333333333     0.50000000000000        0.00097283980249    -0.00000129198909    -0.00000000000003
   125   O        0.33333333333333     0.83333333333333     0.50000000000000       -0.00047346009190     0.00018792024882    -0.00000000000002
   126   O        0.66666666666667     0.83333333333333     0.50000000000000       -0.00047788123664    -0.00018667651944    -0.00000000000001
   127   O        0.00000000000000     0.16666666666667     0.83333333333333        0.00751881671553     0.00001629089629    -0.00001629089628
   128   O        0.33333333333333     0.16666666666667     0.83333333333333       -0.00273903407866    -0.00110941635716     0.00110941635717
   129   O        0.66666666666667     0.16666666666667     0.83333333333333       -0.00274542060508     0.00109988592091    -0.00109988592091
   130   O        0.00000000000000     0.50000000000000     0.83333333333333        0.00097283980248    -0.00000000000001    -0.00000129198908
   131   O        0.33333333333333     0.50000000000000     0.83333333333333       -0.00047346009189    -0.00000000000002     0.00018792024882
   132   O        0.66666666666667     0.50000000000000     0.83333333333333       -0.00047788123664    -0.00000000000001    -0.00018667651943
   133   O        0.00000000000000     0.83333333333333     0.83333333333333        0.00751881671556    -0.00001629089630    -0.00001629089628
   134   O        0.33333333333333     0.83333333333333     0.83333333333333       -0.00273903407865     0.00110941635715     0.00110941635716
   135   O        0.66666666666667     0.83333333333333     0.83333333333333       -0.00274542060509    -0.00109988592093    -0.00109988592092
