    Energy = -42890940.8156896755 Hartree 

                             Cell [Bohr]                                  Stress [GPa]
                22.52086294043787     0.00000000000000     0.00000000000000             0.00052      -0.00000      -0.00000
                 0.00000000000000    22.52086294043787     0.00000000000000            -0.00000       0.00002      -0.00000
                 0.00000000000000     0.00000000000000    22.52086294043787            -0.00000      -0.00000       0.00002

                             Cell [Angstrom]                                  Stress [GPa]
                11.91752743563000     0.00000000000000     0.00000000000000             0.00052      -0.00000      -0.00000
                 0.00000000000000    11.91752743563000     0.00000000000000            -0.00000       0.00002      -0.00000
                 0.00000000000000     0.00000000000000    11.91752743563000            -0.00000      -0.00000       0.00002
    Pressure =         0.0001842848 GPa 
    Volume per formula unit =        62.6894874573 Ang**3 

                            Positions [Bohr]                             Forces [Hartree/Bohr]
     1   Ba       0.00000000000000     0.00000000000000     0.00000000000000        0.00003691407587     0.00026108935817     0.00026108935817
     2   Ba       7.50695431347929     0.00000000000000     0.00000000000000        0.00003489966084    -0.00026302933636    -0.00026302933636
     3   Ba      15.01390862695858     0.00000000000000     0.00000000000000        0.00007532814156    -0.00000032601013    -0.00000032601013
     4   Ba       0.00000000000000     7.50695431347929     0.00000000000000        0.00003691407587    -0.00026108935818     0.00026108935817
     5   Ba       7.50695431347929     7.50695431347929     0.00000000000000        0.00003489966084     0.00026302933636    -0.00026302933636
     6   Ba      15.01390862695858     7.50695431347929     0.00000000000000        0.00007532814156     0.00000032601013    -0.00000032601013
     7   Ba       0.00000000000000    15.01390862695858     0.00000000000000       -0.00000995462706    -0.00000000000000     0.00000574133041
     8   Ba       7.50695431347929    15.01390862695858     0.00000000000000       -0.00001029301658    -0.00000000000000    -0.00000564152391
     9   Ba      15.01390862695858    15.01390862695858     0.00000000000000        0.00002110948468     0.00000000000000    -0.00000005141167
    10   Ba       0.00000000000000     0.00000000000000     7.50695431347929        0.00003691407587     0.00026108935817    -0.00026108935818
    11   Ba       7.50695431347929     0.00000000000000     7.50695431347929        0.00003489966084    -0.00026302933636     0.00026302933636
    12   Ba      15.01390862695858     0.00000000000000     7.50695431347929        0.00007532814156    -0.00000032601013     0.00000032601013
    13   Ba       0.00000000000000     7.50695431347929     7.50695431347929        0.00003691407587    -0.00026108935818    -0.00026108935818
    14   Ba       7.50695431347929     7.50695431347929     7.50695431347929        0.00003489966084     0.00026302933636     0.00026302933636
    15   Ba      15.01390862695858     7.50695431347929     7.50695431347929        0.00007532814156     0.00000032601013     0.00000032601013
    16   Ba       0.00000000000000    15.01390862695858     7.50695431347929       -0.00000995462706     0.00000000000000    -0.00000574133041
    17   Ba       7.50695431347929    15.01390862695858     7.50695431347929       -0.00001029301658     0.00000000000000     0.00000564152391
    18   Ba      15.01390862695858    15.01390862695858     7.50695431347929        0.00002110948468     0.00000000000000     0.00000005141167
    19   Ba       0.00000000000000     0.00000000000000    15.01390862695858       -0.00000995462706     0.00000574133041    -0.00000000000000
    20   Ba       7.50695431347929     0.00000000000000    15.01390862695858       -0.00001029301658    -0.00000564152391    -0.00000000000000
    21   Ba      15.01390862695858     0.00000000000000    15.01390862695858        0.00002110948468    -0.00000005141167     0.00000000000000
    22   Ba       0.00000000000000     7.50695431347929    15.01390862695858       -0.00000995462706    -0.00000574133041    -0.00000000000000
    23   Ba       7.50695431347929     7.50695431347929    15.01390862695858       -0.00001029301658     0.00000564152391     0.00000000000000
    24   Ba      15.01390862695858     7.50695431347929    15.01390862695858        0.00002110948468     0.00000005141167     0.00000000000000
    25   Ba       0.00000000000000    15.01390862695858    15.01390862695858       -0.00000504478467     0.00000000000000     0.00000000000000
    26   Ba       7.50695431347929    15.01390862695858    15.01390862695858       -0.00000516298918     0.00000000000000     0.00000000000000
    27   Ba      15.01390862695858    15.01390862695858    15.01390862695858        0.00001049392980    -0.00000000000000    -0.00000000000000
    28   Ti       3.77237441798958     3.75347715673965     3.75347715673965       -0.00301918696581     0.00000000000000     0.00000000000000
    29   Ti      11.26043147021893     3.75347715673965     3.75347715673965        0.00140028628515     0.00000000000000     0.00000000000000
    30   Ti      18.76738578369823     3.75347715673965     3.75347715673965        0.00139429727707     0.00000000000000     0.00000000000000
    31   Ti       3.75347715673965    11.26043147021893     3.75347715673965       -0.00006783709574    -0.00000383474646     0.00000000000000
    32   Ti      11.26043147021893    11.26043147021893     3.75347715673965        0.00004685589939     0.00012004916499     0.00000000000000
    33   Ti      18.76738578369823    11.26043147021893     3.75347715673965        0.00004766527937    -0.00011819389125     0.00000000000000
    34   Ti       3.75347715673965    18.76738578369823     3.75347715673965       -0.00006783709574     0.00000383474647     0.00000000000000
    35   Ti      11.26043147021893    18.76738578369823     3.75347715673965        0.00004685589939    -0.00012004916498     0.00000000000000
    36   Ti      18.76738578369823    18.76738578369823     3.75347715673965        0.00004766527937     0.00011819389125     0.00000000000000
    37   Ti       3.75347715673965     3.75347715673965    11.26043147021893       -0.00006783709574     0.00000000000000    -0.00000383474646
    38   Ti      11.26043147021893     3.75347715673965    11.26043147021893        0.00004685589939     0.00000000000000     0.00012004916499
    39   Ti      18.76738578369823     3.75347715673965    11.26043147021893        0.00004766527937     0.00000000000000    -0.00011819389125
    40   Ti       3.75347715673965    11.26043147021893    11.26043147021893       -0.00005115632410    -0.00000018848847    -0.00000018848847
    41   Ti      11.26043147021893    11.26043147021893    11.26043147021893        0.00002483975481     0.00001936775213     0.00001936775213
    42   Ti      18.76738578369823    11.26043147021893    11.26043147021893        0.00002508347351    -0.00001912008902    -0.00001912008902
    43   Ti       3.75347715673965    18.76738578369823    11.26043147021893       -0.00005115632410     0.00000018848848    -0.00000018848847
    44   Ti      11.26043147021893    18.76738578369823    11.26043147021893        0.00002483975481    -0.00001936775212     0.00001936775213
    45   Ti      18.76738578369823    18.76738578369823    11.26043147021893        0.00002508347351     0.00001912008903    -0.00001912008902
    46   Ti       3.75347715673965     3.75347715673965    18.76738578369823       -0.00006783709574     0.00000000000000     0.00000383474647
    47   Ti      11.26043147021893     3.75347715673965    18.76738578369823        0.00004685589939     0.00000000000000    -0.00012004916498
    48   Ti      18.76738578369823     3.75347715673965    18.76738578369823        0.00004766527937     0.00000000000000     0.00011819389125
    49   Ti       3.75347715673965    11.26043147021893    18.76738578369823       -0.00005115632410    -0.00000018848847     0.00000018848848
    50   Ti      11.26043147021893    11.26043147021893    18.76738578369823        0.00002483975481     0.00001936775213    -0.00001936775212
    51   Ti      18.76738578369823    11.26043147021893    18.76738578369823        0.00002508347351    -0.00001912008902     0.00001912008903
    52   Ti       3.75347715673965    18.76738578369823    18.76738578369823       -0.00005115632410     0.00000018848848     0.00000018848848
    53   Ti      11.26043147021893    18.76738578369823    18.76738578369823        0.00002483975481    -0.00001936775212    -0.00001936775212
    54   Ti      18.76738578369823    18.76738578369823    18.76738578369823        0.00002508347351     0.00001912008903     0.00001912008903
    55   O        3.75347715673965     3.75347715673965     0.00000000000000        0.00034822512566    -0.00000000000000    -0.00000275424699
    56   O       11.26043147021893     3.75347715673965     0.00000000000000       -0.00014119712935    -0.00000000000000     0.00022685963260
    57   O       18.76738578369823     3.75347715673965     0.00000000000000       -0.00013987451698    -0.00000000000000    -0.00022293742640
    58   O        3.75347715673965    11.26043147021893     0.00000000000000        0.00003611386096     0.00000023308373    -0.00000072688865
    59   O       11.26043147021893    11.26043147021893     0.00000000000000       -0.00001901989955    -0.00001869805376     0.00001715406300
    60   O       18.76738578369823    11.26043147021893     0.00000000000000       -0.00001920035216     0.00001844456391    -0.00001689684066
    61   O        3.75347715673965    18.76738578369823     0.00000000000000        0.00003611386096    -0.00000023308373    -0.00000072688865
    62   O       11.26043147021893    18.76738578369823     0.00000000000000       -0.00001901989955     0.00001869805376     0.00001715406300
    63   O       18.76738578369823    18.76738578369823     0.00000000000000       -0.00001920035216    -0.00001844456391    -0.00001689684066
    64   O        3.75347715673965     3.75347715673965     7.50695431347929        0.00034822512566     0.00000000000000     0.00000275424699
    65   O       11.26043147021893     3.75347715673965     7.50695431347929       -0.00014119712935     0.00000000000000    -0.00022685963261
    66   O       18.76738578369823     3.75347715673965     7.50695431347929       -0.00013987451698    -0.00000000000000     0.00022293742639
    67   O        3.75347715673965    11.26043147021893     7.50695431347929        0.00003611386096     0.00000023308373     0.00000072688865
    68   O       11.26043147021893    11.26043147021893     7.50695431347929       -0.00001901989955    -0.00001869805376    -0.00001715406301
    69   O       18.76738578369823    11.26043147021893     7.50695431347929       -0.00001920035216     0.00001844456391     0.00001689684065
    70   O        3.75347715673965    18.76738578369823     7.50695431347929        0.00003611386096    -0.00000023308373     0.00000072688865
    71   O       11.26043147021893    18.76738578369823     7.50695431347929       -0.00001901989955     0.00001869805376    -0.00001715406301
    72   O       18.76738578369823    18.76738578369823     7.50695431347929       -0.00001920035216    -0.00001844456391     0.00001689684065
    73   O        3.75347715673965     3.75347715673965    15.01390862695858        0.00001836164305    -0.00000000000000    -0.00000000000000
    74   O       11.26043147021893     3.75347715673965    15.01390862695858       -0.00000780957644    -0.00000000000000    -0.00000000000000
    75   O       18.76738578369823     3.75347715673965    15.01390862695858       -0.00000802965675    -0.00000000000000    -0.00000000000000
    76   O        3.75347715673965    11.26043147021893    15.01390862695858        0.00001186060132     0.00000005392242    -0.00000000000000
    77   O       11.26043147021893    11.26043147021893    15.01390862695858       -0.00000588735277    -0.00000303790513    -0.00000000000000
    78   O       18.76738578369823    11.26043147021893    15.01390862695858       -0.00000597720913     0.00000300323639    -0.00000000000000
    79   O        3.75347715673965    18.76738578369823    15.01390862695858        0.00001186060132    -0.00000005392242    -0.00000000000000
    80   O       11.26043147021893    18.76738578369823    15.01390862695858       -0.00000588735277     0.00000303790513    -0.00000000000000
    81   O       18.76738578369823    18.76738578369823    15.01390862695858       -0.00000597720913    -0.00000300323639    -0.00000000000000
    82   O        3.75347715673965     0.00000000000000     3.75347715673965        0.00034822512566    -0.00000275424699    -0.00000000000000
    83   O       11.26043147021893     0.00000000000000     3.75347715673965       -0.00014119712935     0.00022685963260    -0.00000000000000
    84   O       18.76738578369823     0.00000000000000     3.75347715673965       -0.00013987451698    -0.00022293742640    -0.00000000000000
    85   O        3.75347715673965     7.50695431347929     3.75347715673965        0.00034822512566     0.00000275424699     0.00000000000000
    86   O       11.26043147021893     7.50695431347929     3.75347715673965       -0.00014119712935    -0.00022685963261     0.00000000000000
    87   O       18.76738578369823     7.50695431347929     3.75347715673965       -0.00013987451698     0.00022293742640    -0.00000000000000
    88   O        3.75347715673965    15.01390862695858     3.75347715673965        0.00001836164305    -0.00000000000000    -0.00000000000000
    89   O       11.26043147021893    15.01390862695858     3.75347715673965       -0.00000780957644    -0.00000000000000    -0.00000000000000
    90   O       18.76738578369823    15.01390862695858     3.75347715673965       -0.00000802965675    -0.00000000000000    -0.00000000000000
    91   O        3.75347715673965     0.00000000000000    11.26043147021893        0.00003611386096    -0.00000072688865     0.00000023308373
    92   O       11.26043147021893     0.00000000000000    11.26043147021893       -0.00001901989955     0.00001715406300    -0.00001869805376
    93   O       18.76738578369823     0.00000000000000    11.26043147021893       -0.00001920035216    -0.00001689684066     0.00001844456391
    94   O        3.75347715673965     7.50695431347929    11.26043147021893        0.00003611386096     0.00000072688865     0.00000023308373
    95   O       11.26043147021893     7.50695431347929    11.26043147021893       -0.00001901989955    -0.00001715406301    -0.00001869805376
    96   O       18.76738578369823     7.50695431347929    11.26043147021893       -0.00001920035216     0.00001689684065     0.00001844456391
    97   O        3.75347715673965    15.01390862695858    11.26043147021893        0.00001186060132    -0.00000000000000     0.00000005392242
    98   O       11.26043147021893    15.01390862695858    11.26043147021893       -0.00000588735277    -0.00000000000000    -0.00000303790513
    99   O       18.76738578369823    15.01390862695858    11.26043147021893       -0.00000597720913    -0.00000000000000     0.00000300323639
   100   O        3.75347715673965     0.00000000000000    18.76738578369823        0.00003611386096    -0.00000072688865    -0.00000023308373
   101   O       11.26043147021893     0.00000000000000    18.76738578369823       -0.00001901989955     0.00001715406300     0.00001869805376
   102   O       18.76738578369823     0.00000000000000    18.76738578369823       -0.00001920035216    -0.00001689684066    -0.00001844456391
   103   O        3.75347715673965     7.50695431347929    18.76738578369823        0.00003611386096     0.00000072688865    -0.00000023308373
   104   O       11.26043147021893     7.50695431347929    18.76738578369823       -0.00001901989955    -0.00001715406301     0.00001869805376
   105   O       18.76738578369823     7.50695431347929    18.76738578369823       -0.00001920035216     0.00001689684065    -0.00001844456391
   106   O        3.75347715673965    15.01390862695858    18.76738578369823        0.00001186060132    -0.00000000000000    -0.00000005392242
   107   O       11.26043147021893    15.01390862695858    18.76738578369823       -0.00000588735277    -0.00000000000000     0.00000303790513
   108   O       18.76738578369823    15.01390862695858    18.76738578369823       -0.00000597720913    -0.00000000000000    -0.00000300323639
   109   O        0.00000000000000     3.75347715673965     3.75347715673965       -0.00017356011082    -0.00000000000000    -0.00000000000000
   110   O        7.50695431347929     3.75347715673965     3.75347715673965       -0.00009657485654     0.00000000000000     0.00000000000000
   111   O       15.01390862695858     3.75347715673965     3.75347715673965       -0.00059086361209    -0.00000000000000    -0.00000000000000
   112   O        0.00000000000000    11.26043147021893     3.75347715673965        0.00005043590247     0.00001876154220    -0.00000000000000
   113   O        7.50695431347929    11.26043147021893     3.75347715673965        0.00005233336683    -0.00001868034311     0.00000000000000
   114   O       15.01390862695858    11.26043147021893     3.75347715673965       -0.00006901582400    -0.00000023787194    -0.00000000000000
   115   O        0.00000000000000    18.76738578369823     3.75347715673965        0.00005043590247    -0.00001876154220    -0.00000000000000
   116   O        7.50695431347929    18.76738578369823     3.75347715673965        0.00005233336683     0.00001868034311    -0.00000000000000
   117   O       15.01390862695858    18.76738578369823     3.75347715673965       -0.00006901582400     0.00000023787194    -0.00000000000000
   118   O        0.00000000000000     3.75347715673965    11.26043147021893        0.00005043590247    -0.00000000000000     0.00001876154220
   119   O        7.50695431347929     3.75347715673965    11.26043147021893        0.00005233336683     0.00000000000000    -0.00001868034311
   120   O       15.01390862695858     3.75347715673965    11.26043147021893       -0.00006901582400    -0.00000000000000    -0.00000023787194
   121   O        0.00000000000000    11.26043147021893    11.26043147021893        0.00001264719236     0.00001610250009     0.00001610250009
   122   O        7.50695431347929    11.26043147021893    11.26043147021893        0.00001294124235    -0.00001617674831    -0.00001617674831
   123   O       15.01390862695858    11.26043147021893    11.26043147021893       -0.00002566557198    -0.00000006088525    -0.00000006088525
   124   O        0.00000000000000    18.76738578369823    11.26043147021893        0.00001264719236    -0.00001610250009     0.00001610250009
   125   O        7.50695431347929    18.76738578369823    11.26043147021893        0.00001294124235     0.00001617674831    -0.00001617674831
   126   O       15.01390862695858    18.76738578369823    11.26043147021893       -0.00002566557198     0.00000006088525    -0.00000006088525
   127   O        0.00000000000000     3.75347715673965    18.76738578369823        0.00005043590247    -0.00000000000000    -0.00001876154220
   128   O        7.50695431347929     3.75347715673965    18.76738578369823        0.00005233336683    -0.00000000000000     0.00001868034311
   129   O       15.01390862695858     3.75347715673965    18.76738578369823       -0.00006901582400    -0.00000000000000     0.00000023787194
   130   O        0.00000000000000    11.26043147021893    18.76738578369823        0.00001264719236     0.00001610250009    -0.00001610250009
   131   O        7.50695431347929    11.26043147021893    18.76738578369823        0.00001294124235    -0.00001617674831     0.00001617674831
   132   O       15.01390862695858    11.26043147021893    18.76738578369823       -0.00002566557198    -0.00000006088525     0.00000006088525
   133   O        0.00000000000000    18.76738578369823    18.76738578369823        0.00001264719236    -0.00001610250009    -0.00001610250009
   134   O        7.50695431347929    18.76738578369823    18.76738578369823        0.00001294124235     0.00001617674831     0.00001617674831
   135   O       15.01390862695858    18.76738578369823    18.76738578369823       -0.00002566557198     0.00000006088525     0.00000006088525

                            Positions [Scaled sort of]                             Forces[eV/Angstrom]
     1   Ba       0.00000000000000     0.00000000000000     0.00000000000000        0.00189819793438     0.01342575341880     0.01342575341879
     2   Ba       0.33333333333333     0.00000000000000     0.00000000000000        0.00179461255741    -0.01352551109937    -0.01352551109937
     3   Ba       0.66666666666667     0.00000000000000     0.00000000000000        0.00387352843917    -0.00001676411348    -0.00001676411348
     4   Ba       0.00000000000000     0.33333333333333     0.00000000000000        0.00189819793438    -0.01342575341886     0.01342575341880
     5   Ba       0.33333333333333     0.33333333333333     0.00000000000000        0.00179461255742     0.01352551109933    -0.01352551109938
     6   Ba       0.66666666666667     0.33333333333333     0.00000000000000        0.00387352843917     0.00001676411343    -0.00001676411348
     7   Ba       0.00000000000000     0.66666666666667     0.00000000000000       -0.00051188745961    -0.00000000000000     0.00029523105383
     8   Ba       0.33333333333333     0.66666666666667     0.00000000000000       -0.00052928814690    -0.00000000000000    -0.00029009879791
     9   Ba       0.66666666666667     0.66666666666667     0.00000000000000        0.00108549325079     0.00000000000001    -0.00000264369413
    10   Ba       0.00000000000000     0.00000000000000     0.33333333333333        0.00189819793439     0.01342575341881    -0.01342575341886
    11   Ba       0.33333333333333     0.00000000000000     0.33333333333333        0.00179461255742    -0.01352551109937     0.01352551109934
    12   Ba       0.66666666666667     0.00000000000000     0.33333333333333        0.00387352843917    -0.00001676411348     0.00001676411344
    13   Ba       0.00000000000000     0.33333333333333     0.33333333333333        0.00189819793438    -0.01342575341885    -0.01342575341884
    14   Ba       0.33333333333333     0.33333333333333     0.33333333333333        0.00179461255744     0.01352551109934     0.01352551109935
    15   Ba       0.66666666666667     0.33333333333333     0.33333333333333        0.00387352843918     0.00001676411344     0.00001676411344
    16   Ba       0.00000000000000     0.66666666666667     0.33333333333333       -0.00051188745961     0.00000000000000    -0.00029523105387
    17   Ba       0.33333333333333     0.66666666666667     0.33333333333333       -0.00052928814690     0.00000000000002     0.00029009879788
    18   Ba       0.66666666666667     0.66666666666667     0.33333333333333        0.00108549325079     0.00000000000000     0.00000264369407
    19   Ba       0.00000000000000     0.00000000000000     0.66666666666667       -0.00051188745962     0.00029523105383    -0.00000000000000
    20   Ba       0.33333333333333     0.00000000000000     0.66666666666667       -0.00052928814690    -0.00029009879792    -0.00000000000000
    21   Ba       0.66666666666667     0.00000000000000     0.66666666666667        0.00108549325079    -0.00000264369412     0.00000000000001
    22   Ba       0.00000000000000     0.33333333333333     0.66666666666667       -0.00051188745961    -0.00029523105388    -0.00000000000000
    23   Ba       0.33333333333333     0.33333333333333     0.66666666666667       -0.00052928814690     0.00029009879787     0.00000000000002
    24   Ba       0.66666666666667     0.33333333333333     0.66666666666667        0.00108549325080     0.00000264369407     0.00000000000000
    25   Ba       0.00000000000000     0.66666666666667     0.66666666666667       -0.00025941323519     0.00000000000000     0.00000000000001
    26   Ba       0.33333333333333     0.66666666666667     0.66666666666667       -0.00026549155490     0.00000000000001     0.00000000000000
    27   Ba       0.66666666666667     0.66666666666667     0.66666666666667        0.00053961951905    -0.00000000000000    -0.00000000000000
    28   Ti       0.16750576689564     0.16666666666667     0.16666666666667       -0.15525282229669     0.00000000000003     0.00000000000002
    29   Ti       0.50000000000000     0.16666666666667     0.16666666666667        0.07200560954157     0.00000000000005     0.00000000000005
    30   Ti       0.83333333333333     0.16666666666667     0.16666666666667        0.07169764239066     0.00000000000009     0.00000000000008
    31   Ti       0.16666666666667     0.50000000000000     0.16666666666667       -0.00348832340933    -0.00019719057391     0.00000000000005
    32   Ti       0.50000000000000     0.50000000000000     0.16666666666667        0.00240942700921     0.00617317572226     0.00000000000001
    33   Ti       0.83333333333333     0.50000000000000     0.16666666666667        0.00245104699761    -0.00607777371926     0.00000000000008
    34   Ti       0.16666666666667     0.83333333333333     0.16666666666667       -0.00348832340929     0.00019719057428     0.00000000000008
    35   Ti       0.50000000000000     0.83333333333333     0.16666666666667        0.00240942700922    -0.00617317572193     0.00000000000008
    36   Ti       0.83333333333333     0.83333333333333     0.16666666666667        0.00245104699761     0.00607777371958     0.00000000000012
    37   Ti       0.16666666666667     0.16666666666667     0.50000000000000       -0.00348832340934     0.00000000000003    -0.00019719057391
    38   Ti       0.50000000000000     0.16666666666667     0.50000000000000        0.00240942700923     0.00000000000002     0.00617317572227
    39   Ti       0.83333333333333     0.16666666666667     0.50000000000000        0.00245104699761     0.00000000000009    -0.00607777371923
    40   Ti       0.16666666666667     0.50000000000000     0.50000000000000       -0.00263056371951    -0.00000969246606    -0.00000969246605
    41   Ti       0.50000000000000     0.50000000000000     0.50000000000000        0.00127731143626     0.00099592976974     0.00099592976976
    42   Ti       0.83333333333333     0.50000000000000     0.50000000000000        0.00128984395456    -0.00098319442172    -0.00098319442168
    43   Ti       0.16666666666667     0.83333333333333     0.50000000000000       -0.00263056371944     0.00000969246639    -0.00000969246603
    44   Ti       0.50000000000000     0.83333333333333     0.50000000000000        0.00127731143625    -0.00099592976939     0.00099592976977
    45   Ti       0.83333333333333     0.83333333333333     0.50000000000000        0.00128984395453     0.00098319442203    -0.00098319442171
    46   Ti       0.16666666666667     0.16666666666667     0.83333333333333       -0.00348832340929     0.00000000000009     0.00019719057426
    47   Ti       0.50000000000000     0.16666666666667     0.83333333333333        0.00240942700922     0.00000000000009    -0.00617317572195
    48   Ti       0.83333333333333     0.16666666666667     0.83333333333333        0.00245104699761     0.00000000000010     0.00607777371957
    49   Ti       0.16666666666667     0.50000000000000     0.83333333333333       -0.00263056371945    -0.00000969246606     0.00000969246637
    50   Ti       0.50000000000000     0.50000000000000     0.83333333333333        0.00127731143625     0.00099592976974    -0.00099592976940
    51   Ti       0.83333333333333     0.50000000000000     0.83333333333333        0.00128984395453    -0.00098319442170     0.00098319442201
    52   Ti       0.16666666666667     0.83333333333333     0.83333333333333       -0.00263056371943     0.00000969246639     0.00000969246638
    53   Ti       0.50000000000000     0.83333333333333     0.83333333333333        0.00127731143627    -0.00099592976942    -0.00099592976944
    54   Ti       0.83333333333333     0.83333333333333     0.83333333333333        0.00128984395454     0.00098319442205     0.00098319442205
    55   O        0.16666666666667     0.16666666666667     0.00000000000000        0.01790645434217    -0.00000000000002    -0.00014162906230
    56   O        0.50000000000000     0.16666666666667     0.00000000000000       -0.00726064767756    -0.00000000000002     0.01166559031473
    57   O        0.83333333333333     0.16666666666667     0.00000000000000       -0.00719263622098    -0.00000000000001    -0.01146390238042
    58   O        0.16666666666667     0.50000000000000     0.00000000000000        0.00185704923270     0.00001198564630    -0.00003737811406
    59   O        0.50000000000000     0.50000000000000     0.00000000000000       -0.00097804247271    -0.00096149249816     0.00088209730804
    60   O        0.83333333333333     0.50000000000000     0.00000000000000       -0.00098732171789     0.00094845752707    -0.00086887040439
    61   O        0.16666666666667     0.83333333333333     0.00000000000000        0.00185704923271    -0.00001198564630    -0.00003737811406
    62   O        0.50000000000000     0.83333333333333     0.00000000000000       -0.00097804247273     0.00096149249817     0.00088209730803
    63   O        0.83333333333333     0.83333333333333     0.00000000000000       -0.00098732171788    -0.00094845752706    -0.00086887040437
    64   O        0.16666666666667     0.16666666666667     0.33333333333333        0.01790645434219     0.00000000000000     0.00014162906196
    65   O        0.50000000000000     0.16666666666667     0.33333333333333       -0.00726064767756     0.00000000000002    -0.01166559031503
    66   O        0.83333333333333     0.16666666666667     0.33333333333333       -0.00719263622099    -0.00000000000001     0.01146390238012
    67   O        0.16666666666667     0.50000000000000     0.33333333333333        0.00185704923274     0.00001198564630     0.00003737811376
    68   O        0.50000000000000     0.50000000000000     0.33333333333333       -0.00097804247272    -0.00096149249816    -0.00088209730833
    69   O        0.83333333333333     0.50000000000000     0.33333333333333       -0.00098732171790     0.00094845752707     0.00086887040410
    70   O        0.16666666666667     0.83333333333333     0.33333333333333        0.00185704923271    -0.00001198564631     0.00003737811376
    71   O        0.50000000000000     0.83333333333333     0.33333333333333       -0.00097804247273     0.00096149249816    -0.00088209730832
    72   O        0.83333333333333     0.83333333333333     0.33333333333333       -0.00098732171790    -0.00094845752707     0.00086887040410
    73   O        0.16666666666667     0.16666666666667     0.66666666666667        0.00094419356530    -0.00000000000001    -0.00000000000004
    74   O        0.50000000000000     0.16666666666667     0.66666666666667       -0.00040158453153    -0.00000000000001    -0.00000000000005
    75   O        0.83333333333333     0.16666666666667     0.66666666666667       -0.00041290151520    -0.00000000000002    -0.00000000000004
    76   O        0.16666666666667     0.50000000000000     0.66666666666667        0.00060989658824     0.00000277280228    -0.00000000000004
    77   O        0.50000000000000     0.50000000000000     0.66666666666667       -0.00030273982480    -0.00015621534912    -0.00000000000003
    78   O        0.83333333333333     0.50000000000000     0.66666666666667       -0.00030736042449     0.00015443261094    -0.00000000000004
    79   O        0.16666666666667     0.83333333333333     0.66666666666667        0.00060989658823    -0.00000277280225    -0.00000000000004
    80   O        0.50000000000000     0.83333333333333     0.66666666666667       -0.00030273982480     0.00015621534910    -0.00000000000004
    81   O        0.83333333333333     0.83333333333333     0.66666666666667       -0.00030736042448    -0.00015443261096    -0.00000000000005
    82   O        0.16666666666667     0.00000000000000     0.16666666666667        0.01790645434217    -0.00014162906230    -0.00000000000001
    83   O        0.50000000000000     0.00000000000000     0.16666666666667       -0.00726064767756     0.01166559031473    -0.00000000000002
    84   O        0.83333333333333     0.00000000000000     0.16666666666667       -0.00719263622098    -0.01146390238042    -0.00000000000002
    85   O        0.16666666666667     0.33333333333333     0.16666666666667        0.01790645434220     0.00014162906198     0.00000000000000
    86   O        0.50000000000000     0.33333333333333     0.16666666666667       -0.00726064767756    -0.01166559031502     0.00000000000002
    87   O        0.83333333333333     0.33333333333333     0.16666666666667       -0.00719263622099     0.01146390238013    -0.00000000000002
    88   O        0.16666666666667     0.66666666666667     0.16666666666667        0.00094419356530    -0.00000000000004    -0.00000000000001
    89   O        0.50000000000000     0.66666666666667     0.16666666666667       -0.00040158453153    -0.00000000000005    -0.00000000000000
    90   O        0.83333333333333     0.66666666666667     0.16666666666667       -0.00041290151521    -0.00000000000005    -0.00000000000002
    91   O        0.16666666666667     0.00000000000000     0.50000000000000        0.00185704923270    -0.00003737811407     0.00001198564630
    92   O        0.50000000000000     0.00000000000000     0.50000000000000       -0.00097804247272     0.00088209730804    -0.00096149249817
    93   O        0.83333333333333     0.00000000000000     0.50000000000000       -0.00098732171788    -0.00086887040438     0.00094845752705
    94   O        0.16666666666667     0.33333333333333     0.50000000000000        0.00185704923274     0.00003737811376     0.00001198564629
    95   O        0.50000000000000     0.33333333333333     0.50000000000000       -0.00097804247272    -0.00088209730832    -0.00096149249817
    96   O        0.83333333333333     0.33333333333333     0.50000000000000       -0.00098732171791     0.00086887040410     0.00094845752705
    97   O        0.16666666666667     0.66666666666667     0.50000000000000        0.00060989658824    -0.00000000000004     0.00000277280226
    98   O        0.50000000000000     0.66666666666667     0.50000000000000       -0.00030273982479    -0.00000000000004    -0.00015621534913
    99   O        0.83333333333333     0.66666666666667     0.50000000000000       -0.00030736042449    -0.00000000000005     0.00015443261093
   100   O        0.16666666666667     0.00000000000000     0.83333333333333        0.00185704923271    -0.00003737811406    -0.00001198564629
   101   O        0.50000000000000     0.00000000000000     0.83333333333333       -0.00097804247272     0.00088209730803     0.00096149249819
   102   O        0.83333333333333     0.00000000000000     0.83333333333333       -0.00098732171789    -0.00086887040437    -0.00094845752706
   103   O        0.16666666666667     0.33333333333333     0.83333333333333        0.00185704923271     0.00003737811376    -0.00001198564630
   104   O        0.50000000000000     0.33333333333333     0.83333333333333       -0.00097804247273    -0.00088209730831     0.00096149249817
   105   O        0.83333333333333     0.33333333333333     0.83333333333333       -0.00098732171789     0.00086887040411    -0.00094845752706
   106   O        0.16666666666667     0.66666666666667     0.83333333333333        0.00060989658823    -0.00000000000004    -0.00000277280225
   107   O        0.50000000000000     0.66666666666667     0.83333333333333       -0.00030273982480    -0.00000000000005     0.00015621534911
   108   O        0.83333333333333     0.66666666666667     0.83333333333333       -0.00030736042448    -0.00000000000005    -0.00015443261094
   109   O        0.00000000000000     0.16666666666667     0.16666666666667       -0.00892481894883    -0.00000000000001    -0.00000000000001
   110   O        0.33333333333333     0.16666666666667     0.16666666666667       -0.00496607835513     0.00000000000001     0.00000000000000
   111   O        0.66666666666667     0.16666666666667     0.16666666666667       -0.03038342587183    -0.00000000000001    -0.00000000000001
   112   O        0.00000000000000     0.50000000000000     0.16666666666667        0.00259351815335     0.00096475720476    -0.00000000000002
   113   O        0.33333333333333     0.50000000000000     0.16666666666667        0.00269108968516    -0.00096058178001     0.00000000000002
   114   O        0.66666666666667     0.50000000000000     0.16666666666667       -0.00354893604810    -0.00001223186563    -0.00000000000001
   115   O        0.00000000000000     0.83333333333333     0.16666666666667        0.00259351815335    -0.00096475720476    -0.00000000000002
   116   O        0.33333333333333     0.83333333333333     0.16666666666667        0.00269108968516     0.00096058177999    -0.00000000000001
   117   O        0.66666666666667     0.83333333333333     0.16666666666667       -0.00354893604810     0.00001223186564    -0.00000000000002
   118   O        0.00000000000000     0.16666666666667     0.50000000000000        0.00259351815334    -0.00000000000002     0.00096475720475
   119   O        0.33333333333333     0.16666666666667     0.50000000000000        0.00269108968516     0.00000000000001    -0.00096058178002
   120   O        0.66666666666667     0.16666666666667     0.50000000000000       -0.00354893604809    -0.00000000000000    -0.00001223186564
   121   O        0.00000000000000     0.50000000000000     0.50000000000000        0.00065034472190     0.00082802377351     0.00082802377350
   122   O        0.33333333333333     0.50000000000000     0.50000000000000        0.00066546537911    -0.00083184177055    -0.00083184177056
   123   O        0.66666666666667     0.50000000000000     0.50000000000000       -0.00131977665879    -0.00000313084513    -0.00000313084515
   124   O        0.00000000000000     0.83333333333333     0.50000000000000        0.00065034472189    -0.00082802377349     0.00082802377349
   125   O        0.33333333333333     0.83333333333333     0.50000000000000        0.00066546537912     0.00083184177054    -0.00083184177056
   126   O        0.66666666666667     0.83333333333333     0.50000000000000       -0.00131977665880     0.00000313084512    -0.00000313084514
   127   O        0.00000000000000     0.16666666666667     0.83333333333333        0.00259351815335    -0.00000000000001    -0.00096475720475
   128   O        0.33333333333333     0.16666666666667     0.83333333333333        0.00269108968516    -0.00000000000002     0.00096058178001
   129   O        0.66666666666667     0.16666666666667     0.83333333333333       -0.00354893604809    -0.00000000000002     0.00001223186565
   130   O        0.00000000000000     0.50000000000000     0.83333333333333        0.00065034472189     0.00082802377350    -0.00082802377348
   131   O        0.33333333333333     0.50000000000000     0.83333333333333        0.00066546537912    -0.00083184177055     0.00083184177055
   132   O        0.66666666666667     0.50000000000000     0.83333333333333       -0.00131977665880    -0.00000313084513     0.00000313084513
   133   O        0.00000000000000     0.83333333333333     0.83333333333333        0.00065034472190    -0.00082802377350    -0.00082802377349
   134   O        0.33333333333333     0.83333333333333     0.83333333333333        0.00066546537913     0.00083184177055     0.00083184177055
   135   O        0.66666666666667     0.83333333333333     0.83333333333333       -0.00131977665880     0.00000313084513     0.00000313084514

                            Positions [asap Scaled   ]                            Forces again[eV/Angstrom]again
     1   Ba       0.00000000000000     0.00000000000000     0.00000000000000        0.00189819793438     0.01342575341880     0.01342575341879
     2   Ba       0.33333333333333     0.00000000000000     0.00000000000000        0.00179461255741    -0.01352551109937    -0.01352551109937
     3   Ba       0.66666666666667     0.00000000000000     0.00000000000000        0.00387352843917    -0.00001676411348    -0.00001676411348
     4   Ba       0.00000000000000     0.33333333333333     0.00000000000000        0.00189819793438    -0.01342575341886     0.01342575341880
     5   Ba       0.33333333333333     0.33333333333333     0.00000000000000        0.00179461255742     0.01352551109933    -0.01352551109938
     6   Ba       0.66666666666667     0.33333333333333     0.00000000000000        0.00387352843917     0.00001676411343    -0.00001676411348
     7   Ba       0.00000000000000     0.66666666666667     0.00000000000000       -0.00051188745961    -0.00000000000000     0.00029523105383
     8   Ba       0.33333333333333     0.66666666666667     0.00000000000000       -0.00052928814690    -0.00000000000000    -0.00029009879791
     9   Ba       0.66666666666667     0.66666666666667     0.00000000000000        0.00108549325079     0.00000000000001    -0.00000264369413
    10   Ba       0.00000000000000     0.00000000000000     0.33333333333333        0.00189819793439     0.01342575341881    -0.01342575341886
    11   Ba       0.33333333333333     0.00000000000000     0.33333333333333        0.00179461255742    -0.01352551109937     0.01352551109934
    12   Ba       0.66666666666667     0.00000000000000     0.33333333333333        0.00387352843917    -0.00001676411348     0.00001676411344
    13   Ba       0.00000000000000     0.33333333333333     0.33333333333333        0.00189819793438    -0.01342575341885    -0.01342575341884
    14   Ba       0.33333333333333     0.33333333333333     0.33333333333333        0.00179461255744     0.01352551109934     0.01352551109935
    15   Ba       0.66666666666667     0.33333333333333     0.33333333333333        0.00387352843918     0.00001676411344     0.00001676411344
    16   Ba       0.00000000000000     0.66666666666667     0.33333333333333       -0.00051188745961     0.00000000000000    -0.00029523105387
    17   Ba       0.33333333333333     0.66666666666667     0.33333333333333       -0.00052928814690     0.00000000000002     0.00029009879788
    18   Ba       0.66666666666667     0.66666666666667     0.33333333333333        0.00108549325079     0.00000000000000     0.00000264369407
    19   Ba       0.00000000000000     0.00000000000000     0.66666666666667       -0.00051188745962     0.00029523105383    -0.00000000000000
    20   Ba       0.33333333333333     0.00000000000000     0.66666666666667       -0.00052928814690    -0.00029009879792    -0.00000000000000
    21   Ba       0.66666666666667     0.00000000000000     0.66666666666667        0.00108549325079    -0.00000264369412     0.00000000000001
    22   Ba       0.00000000000000     0.33333333333333     0.66666666666667       -0.00051188745961    -0.00029523105388    -0.00000000000000
    23   Ba       0.33333333333333     0.33333333333333     0.66666666666667       -0.00052928814690     0.00029009879787     0.00000000000002
    24   Ba       0.66666666666667     0.33333333333333     0.66666666666667        0.00108549325080     0.00000264369407     0.00000000000000
    25   Ba       0.00000000000000     0.66666666666667     0.66666666666667       -0.00025941323519     0.00000000000000     0.00000000000001
    26   Ba       0.33333333333333     0.66666666666667     0.66666666666667       -0.00026549155490     0.00000000000001     0.00000000000000
    27   Ba       0.66666666666667     0.66666666666667     0.66666666666667        0.00053961951905    -0.00000000000000    -0.00000000000000
    28   Ti       0.16750576689564     0.16666666666667     0.16666666666667       -0.15525282229669     0.00000000000003     0.00000000000002
    29   Ti       0.50000000000000     0.16666666666667     0.16666666666667        0.07200560954157     0.00000000000005     0.00000000000005
    30   Ti       0.83333333333333     0.16666666666667     0.16666666666667        0.07169764239066     0.00000000000009     0.00000000000008
    31   Ti       0.16666666666667     0.50000000000000     0.16666666666667       -0.00348832340933    -0.00019719057391     0.00000000000005
    32   Ti       0.50000000000000     0.50000000000000     0.16666666666667        0.00240942700921     0.00617317572226     0.00000000000001
    33   Ti       0.83333333333333     0.50000000000000     0.16666666666667        0.00245104699761    -0.00607777371926     0.00000000000008
    34   Ti       0.16666666666667     0.83333333333333     0.16666666666667       -0.00348832340929     0.00019719057428     0.00000000000008
    35   Ti       0.50000000000000     0.83333333333333     0.16666666666667        0.00240942700922    -0.00617317572193     0.00000000000008
    36   Ti       0.83333333333333     0.83333333333333     0.16666666666667        0.00245104699761     0.00607777371958     0.00000000000012
    37   Ti       0.16666666666667     0.16666666666667     0.50000000000000       -0.00348832340934     0.00000000000003    -0.00019719057391
    38   Ti       0.50000000000000     0.16666666666667     0.50000000000000        0.00240942700923     0.00000000000002     0.00617317572227
    39   Ti       0.83333333333333     0.16666666666667     0.50000000000000        0.00245104699761     0.00000000000009    -0.00607777371923
    40   Ti       0.16666666666667     0.50000000000000     0.50000000000000       -0.00263056371951    -0.00000969246606    -0.00000969246605
    41   Ti       0.50000000000000     0.50000000000000     0.50000000000000        0.00127731143626     0.00099592976974     0.00099592976976
    42   Ti       0.83333333333333     0.50000000000000     0.50000000000000        0.00128984395456    -0.00098319442172    -0.00098319442168
    43   Ti       0.16666666666667     0.83333333333333     0.50000000000000       -0.00263056371944     0.00000969246639    -0.00000969246603
    44   Ti       0.50000000000000     0.83333333333333     0.50000000000000        0.00127731143625    -0.00099592976939     0.00099592976977
    45   Ti       0.83333333333333     0.83333333333333     0.50000000000000        0.00128984395453     0.00098319442203    -0.00098319442171
    46   Ti       0.16666666666667     0.16666666666667     0.83333333333333       -0.00348832340929     0.00000000000009     0.00019719057426
    47   Ti       0.50000000000000     0.16666666666667     0.83333333333333        0.00240942700922     0.00000000000009    -0.00617317572195
    48   Ti       0.83333333333333     0.16666666666667     0.83333333333333        0.00245104699761     0.00000000000010     0.00607777371957
    49   Ti       0.16666666666667     0.50000000000000     0.83333333333333       -0.00263056371945    -0.00000969246606     0.00000969246637
    50   Ti       0.50000000000000     0.50000000000000     0.83333333333333        0.00127731143625     0.00099592976974    -0.00099592976940
    51   Ti       0.83333333333333     0.50000000000000     0.83333333333333        0.00128984395453    -0.00098319442170     0.00098319442201
    52   Ti       0.16666666666667     0.83333333333333     0.83333333333333       -0.00263056371943     0.00000969246639     0.00000969246638
    53   Ti       0.50000000000000     0.83333333333333     0.83333333333333        0.00127731143627    -0.00099592976942    -0.00099592976944
    54   Ti       0.83333333333333     0.83333333333333     0.83333333333333        0.00128984395454     0.00098319442205     0.00098319442205
    55   O        0.16666666666667     0.16666666666667     0.00000000000000        0.01790645434217    -0.00000000000002    -0.00014162906230
    56   O        0.50000000000000     0.16666666666667     0.00000000000000       -0.00726064767756    -0.00000000000002     0.01166559031473
    57   O        0.83333333333333     0.16666666666667     0.00000000000000       -0.00719263622098    -0.00000000000001    -0.01146390238042
    58   O        0.16666666666667     0.50000000000000     0.00000000000000        0.00185704923270     0.00001198564630    -0.00003737811406
    59   O        0.50000000000000     0.50000000000000     0.00000000000000       -0.00097804247271    -0.00096149249816     0.00088209730804
    60   O        0.83333333333333     0.50000000000000     0.00000000000000       -0.00098732171789     0.00094845752707    -0.00086887040439
    61   O        0.16666666666667     0.83333333333333     0.00000000000000        0.00185704923271    -0.00001198564630    -0.00003737811406
    62   O        0.50000000000000     0.83333333333333     0.00000000000000       -0.00097804247273     0.00096149249817     0.00088209730803
    63   O        0.83333333333333     0.83333333333333     0.00000000000000       -0.00098732171788    -0.00094845752706    -0.00086887040437
    64   O        0.16666666666667     0.16666666666667     0.33333333333333        0.01790645434219     0.00000000000000     0.00014162906196
    65   O        0.50000000000000     0.16666666666667     0.33333333333333       -0.00726064767756     0.00000000000002    -0.01166559031503
    66   O        0.83333333333333     0.16666666666667     0.33333333333333       -0.00719263622099    -0.00000000000001     0.01146390238012
    67   O        0.16666666666667     0.50000000000000     0.33333333333333        0.00185704923274     0.00001198564630     0.00003737811376
    68   O        0.50000000000000     0.50000000000000     0.33333333333333       -0.00097804247272    -0.00096149249816    -0.00088209730833
    69   O        0.83333333333333     0.50000000000000     0.33333333333333       -0.00098732171790     0.00094845752707     0.00086887040410
    70   O        0.16666666666667     0.83333333333333     0.33333333333333        0.00185704923271    -0.00001198564631     0.00003737811376
    71   O        0.50000000000000     0.83333333333333     0.33333333333333       -0.00097804247273     0.00096149249816    -0.00088209730832
    72   O        0.83333333333333     0.83333333333333     0.33333333333333       -0.00098732171790    -0.00094845752707     0.00086887040410
    73   O        0.16666666666667     0.16666666666667     0.66666666666667        0.00094419356530    -0.00000000000001    -0.00000000000004
    74   O        0.50000000000000     0.16666666666667     0.66666666666667       -0.00040158453153    -0.00000000000001    -0.00000000000005
    75   O        0.83333333333333     0.16666666666667     0.66666666666667       -0.00041290151520    -0.00000000000002    -0.00000000000004
    76   O        0.16666666666667     0.50000000000000     0.66666666666667        0.00060989658824     0.00000277280228    -0.00000000000004
    77   O        0.50000000000000     0.50000000000000     0.66666666666667       -0.00030273982480    -0.00015621534912    -0.00000000000003
    78   O        0.83333333333333     0.50000000000000     0.66666666666667       -0.00030736042449     0.00015443261094    -0.00000000000004
    79   O        0.16666666666667     0.83333333333333     0.66666666666667        0.00060989658823    -0.00000277280225    -0.00000000000004
    80   O        0.50000000000000     0.83333333333333     0.66666666666667       -0.00030273982480     0.00015621534910    -0.00000000000004
    81   O        0.83333333333333     0.83333333333333     0.66666666666667       -0.00030736042448    -0.00015443261096    -0.00000000000005
    82   O        0.16666666666667     0.00000000000000     0.16666666666667        0.01790645434217    -0.00014162906230    -0.00000000000001
    83   O        0.50000000000000     0.00000000000000     0.16666666666667       -0.00726064767756     0.01166559031473    -0.00000000000002
    84   O        0.83333333333333     0.00000000000000     0.16666666666667       -0.00719263622098    -0.01146390238042    -0.00000000000002
    85   O        0.16666666666667     0.33333333333333     0.16666666666667        0.01790645434220     0.00014162906198     0.00000000000000
    86   O        0.50000000000000     0.33333333333333     0.16666666666667       -0.00726064767756    -0.01166559031502     0.00000000000002
    87   O        0.83333333333333     0.33333333333333     0.16666666666667       -0.00719263622099     0.01146390238013    -0.00000000000002
    88   O        0.16666666666667     0.66666666666667     0.16666666666667        0.00094419356530    -0.00000000000004    -0.00000000000001
    89   O        0.50000000000000     0.66666666666667     0.16666666666667       -0.00040158453153    -0.00000000000005    -0.00000000000000
    90   O        0.83333333333333     0.66666666666667     0.16666666666667       -0.00041290151521    -0.00000000000005    -0.00000000000002
    91   O        0.16666666666667     0.00000000000000     0.50000000000000        0.00185704923270    -0.00003737811407     0.00001198564630
    92   O        0.50000000000000     0.00000000000000     0.50000000000000       -0.00097804247272     0.00088209730804    -0.00096149249817
    93   O        0.83333333333333     0.00000000000000     0.50000000000000       -0.00098732171788    -0.00086887040438     0.00094845752705
    94   O        0.16666666666667     0.33333333333333     0.50000000000000        0.00185704923274     0.00003737811376     0.00001198564629
    95   O        0.50000000000000     0.33333333333333     0.50000000000000       -0.00097804247272    -0.00088209730832    -0.00096149249817
    96   O        0.83333333333333     0.33333333333333     0.50000000000000       -0.00098732171791     0.00086887040410     0.00094845752705
    97   O        0.16666666666667     0.66666666666667     0.50000000000000        0.00060989658824    -0.00000000000004     0.00000277280226
    98   O        0.50000000000000     0.66666666666667     0.50000000000000       -0.00030273982479    -0.00000000000004    -0.00015621534913
    99   O        0.83333333333333     0.66666666666667     0.50000000000000       -0.00030736042449    -0.00000000000005     0.00015443261093
   100   O        0.16666666666667     0.00000000000000     0.83333333333333        0.00185704923271    -0.00003737811406    -0.00001198564629
   101   O        0.50000000000000     0.00000000000000     0.83333333333333       -0.00097804247272     0.00088209730803     0.00096149249819
   102   O        0.83333333333333     0.00000000000000     0.83333333333333       -0.00098732171789    -0.00086887040437    -0.00094845752706
   103   O        0.16666666666667     0.33333333333333     0.83333333333333        0.00185704923271     0.00003737811376    -0.00001198564630
   104   O        0.50000000000000     0.33333333333333     0.83333333333333       -0.00097804247273    -0.00088209730831     0.00096149249817
   105   O        0.83333333333333     0.33333333333333     0.83333333333333       -0.00098732171789     0.00086887040411    -0.00094845752706
   106   O        0.16666666666667     0.66666666666667     0.83333333333333        0.00060989658823    -0.00000000000004    -0.00000277280225
   107   O        0.50000000000000     0.66666666666667     0.83333333333333       -0.00030273982480    -0.00000000000005     0.00015621534911
   108   O        0.83333333333333     0.66666666666667     0.83333333333333       -0.00030736042448    -0.00000000000005    -0.00015443261094
   109   O        0.00000000000000     0.16666666666667     0.16666666666667       -0.00892481894883    -0.00000000000001    -0.00000000000001
   110   O        0.33333333333333     0.16666666666667     0.16666666666667       -0.00496607835513     0.00000000000001     0.00000000000000
   111   O        0.66666666666667     0.16666666666667     0.16666666666667       -0.03038342587183    -0.00000000000001    -0.00000000000001
   112   O        0.00000000000000     0.50000000000000     0.16666666666667        0.00259351815335     0.00096475720476    -0.00000000000002
   113   O        0.33333333333333     0.50000000000000     0.16666666666667        0.00269108968516    -0.00096058178001     0.00000000000002
   114   O        0.66666666666667     0.50000000000000     0.16666666666667       -0.00354893604810    -0.00001223186563    -0.00000000000001
   115   O        0.00000000000000     0.83333333333333     0.16666666666667        0.00259351815335    -0.00096475720476    -0.00000000000002
   116   O        0.33333333333333     0.83333333333333     0.16666666666667        0.00269108968516     0.00096058177999    -0.00000000000001
   117   O        0.66666666666667     0.83333333333333     0.16666666666667       -0.00354893604810     0.00001223186564    -0.00000000000002
   118   O        0.00000000000000     0.16666666666667     0.50000000000000        0.00259351815334    -0.00000000000002     0.00096475720475
   119   O        0.33333333333333     0.16666666666667     0.50000000000000        0.00269108968516     0.00000000000001    -0.00096058178002
   120   O        0.66666666666667     0.16666666666667     0.50000000000000       -0.00354893604809    -0.00000000000000    -0.00001223186564
   121   O        0.00000000000000     0.50000000000000     0.50000000000000        0.00065034472190     0.00082802377351     0.00082802377350
   122   O        0.33333333333333     0.50000000000000     0.50000000000000        0.00066546537911    -0.00083184177055    -0.00083184177056
   123   O        0.66666666666667     0.50000000000000     0.50000000000000       -0.00131977665879    -0.00000313084513    -0.00000313084515
   124   O        0.00000000000000     0.83333333333333     0.50000000000000        0.00065034472189    -0.00082802377349     0.00082802377349
   125   O        0.33333333333333     0.83333333333333     0.50000000000000        0.00066546537912     0.00083184177054    -0.00083184177056
   126   O        0.66666666666667     0.83333333333333     0.50000000000000       -0.00131977665880     0.00000313084512    -0.00000313084514
   127   O        0.00000000000000     0.16666666666667     0.83333333333333        0.00259351815335    -0.00000000000001    -0.00096475720475
   128   O        0.33333333333333     0.16666666666667     0.83333333333333        0.00269108968516    -0.00000000000002     0.00096058178001
   129   O        0.66666666666667     0.16666666666667     0.83333333333333       -0.00354893604809    -0.00000000000002     0.00001223186565
   130   O        0.00000000000000     0.50000000000000     0.83333333333333        0.00065034472189     0.00082802377350    -0.00082802377348
   131   O        0.33333333333333     0.50000000000000     0.83333333333333        0.00066546537912    -0.00083184177055     0.00083184177055
   132   O        0.66666666666667     0.50000000000000     0.83333333333333       -0.00131977665880    -0.00000313084513     0.00000313084513
   133   O        0.00000000000000     0.83333333333333     0.83333333333333        0.00065034472190    -0.00082802377350    -0.00082802377349
   134   O        0.33333333333333     0.83333333333333     0.83333333333333        0.00066546537913     0.00083184177055     0.00083184177055
   135   O        0.66666666666667     0.83333333333333     0.83333333333333       -0.00131977665880     0.00000313084513     0.00000313084514
