    Energy = -42890940.8157354593 Hartree 

                             Cell [Bohr]                                  Stress [GPa]
                22.52086294043787     0.00000000000000     0.00000000000000             0.00011      -0.00000       0.00006
                 0.00000000000000    22.52086294043787     0.00000000000000            -0.00000       0.00013       0.00000
                 0.00000000000000     0.00000000000000    22.52086294043787             0.00006       0.00000       0.00034

                             Cell [Angstrom]                                  Stress [GPa]
                11.91752743563000     0.00000000000000     0.00000000000000             0.00011      -0.00000       0.00006
                 0.00000000000000    11.91752743563000     0.00000000000000            -0.00000       0.00013       0.00000
                 0.00000000000000     0.00000000000000    11.91752743563000             0.00006       0.00000       0.00034
    Pressure =         0.0001923815 GPa 
    Volume per formula unit =        62.6894874573 Ang**3 

                            Positions [Bohr]                             Forces [Hartree/Bohr]
     1   Ba       0.00000000000000     0.00000000000000     0.00000000000000        0.00004446090671    -0.00002091681484     0.00010322808145
     2   Ba       7.50695431347929     0.00000000000000     0.00000000000000        0.00004862918929     0.00001659017713     0.00010354751154
     3   Ba      15.01390862695858     0.00000000000000     0.00000000000000       -0.00002507639125     0.00000000727793     0.00001337689013
     4   Ba       0.00000000000000     7.50695431347929     0.00000000000000        0.00004446090671     0.00002091681484     0.00010322808145
     5   Ba       7.50695431347929     7.50695431347929     0.00000000000000        0.00004862918929    -0.00001659017713     0.00010354751154
     6   Ba      15.01390862695858     7.50695431347929     0.00000000000000       -0.00002507639125    -0.00000000727793     0.00001337689013
     7   Ba       0.00000000000000    15.01390862695858     0.00000000000000        0.00000512418810    -0.00000000000000     0.00001338028878
     8   Ba       7.50695431347929    15.01390862695858     0.00000000000000        0.00000519164809    -0.00000000000000     0.00001337265540
     9   Ba      15.01390862695858    15.01390862695858     0.00000000000000       -0.00001036185485     0.00000000000000     0.00000542336596
    10   Ba       0.00000000000000     0.00000000000000     7.50695431347929        0.00003615477425     0.00001815877260    -0.00002233910583
    11   Ba       7.50695431347929     0.00000000000000     7.50695431347929       -0.00002499674247     0.00004314681841    -0.00005293301648
    12   Ba      15.01390862695858     0.00000000000000     7.50695431347929       -0.00000914123163     0.00000461525171    -0.00000650138173
    13   Ba       0.00000000000000     7.50695431347929     7.50695431347929        0.00003615477425    -0.00001815877260    -0.00002233910583
    14   Ba       7.50695431347929     7.50695431347929     7.50695431347929       -0.00002499674247    -0.00004314681841    -0.00005293301648
    15   Ba      15.01390862695858     7.50695431347929     7.50695431347929       -0.00000914123163    -0.00000461525171    -0.00000650138173
    16   Ba       0.00000000000000    15.01390862695858     7.50695431347929        0.00000660913120     0.00000000000000    -0.00000391863755
    17   Ba       7.50695431347929    15.01390862695858     7.50695431347929       -0.00000258161014     0.00000000000000    -0.00000906565713
    18   Ba      15.01390862695858    15.01390862695858     7.50695431347929       -0.00000404722247     0.00000000000000    -0.00000267824295
    19   Ba       0.00000000000000     0.00000000000000    15.01390862695858       -0.00002501685802    -0.00004267701938    -0.00005286573975
    20   Ba       7.50695431347929     0.00000000000000    15.01390862695858        0.00003604187460    -0.00001823265035    -0.00002270100771
    21   Ba      15.01390862695858     0.00000000000000    15.01390862695858       -0.00000908635570    -0.00000458231542    -0.00000657984979
    22   Ba       0.00000000000000     7.50695431347929    15.01390862695858       -0.00002501685802     0.00004267701937    -0.00005286573975
    23   Ba       7.50695431347929     7.50695431347929    15.01390862695858        0.00003604187460     0.00001823265035    -0.00002270100771
    24   Ba      15.01390862695858     7.50695431347929    15.01390862695858       -0.00000908635570     0.00000458231542    -0.00000657984979
    25   Ba       0.00000000000000    15.01390862695858    15.01390862695858       -0.00000259057873     0.00000000000000    -0.00000916580483
    26   Ba       7.50695431347929    15.01390862695858    15.01390862695858        0.00000661283119     0.00000000000000    -0.00000401158073
    27   Ba      15.01390862695858    15.01390862695858    15.01390862695858       -0.00000404038177    -0.00000000000000    -0.00000273053353
    28   Ti       3.75347715673965     3.75347715673965     3.75347715673965        0.00024637454667     0.00000000000000    -0.00007745930594
    29   Ti      11.26043147021893     3.75347715673965     3.75347715673965       -0.00025984878486     0.00000000000000     0.00002371307717
    30   Ti      18.76738578369823     3.75347715673965     3.75347715673965        0.00005898492933     0.00000000000000     0.00004963680364
    31   Ti       3.75347715673965    11.26043147021893     3.75347715673965        0.00002547775109    -0.00015905964486     0.00003666159795
    32   Ti      11.26043147021893    11.26043147021893     3.75347715673965       -0.00002545763546    -0.00002517681533    -0.00000221028460
    33   Ti      18.76738578369823    11.26043147021893     3.75347715673965       -0.00000154745244     0.00000118528268     0.00002060223318
    34   Ti       3.75347715673965    18.76738578369823     3.75347715673965        0.00002547775109     0.00015905964486     0.00003666159795
    35   Ti      11.26043147021893    18.76738578369823     3.75347715673965       -0.00002545763546     0.00002517681534    -0.00000221028459
    36   Ti      18.76738578369823    18.76738578369823     3.75347715673965       -0.00000154745244    -0.00000118528267     0.00002060223318
    37   Ti       3.75347715673965     3.75347715673965    11.26043147021893        0.00001298280388     0.00000000000000    -0.00041776701455
    38   Ti      11.26043147021893     3.75347715673965    11.26043147021893       -0.00000567424772     0.00000000000000    -0.00004898001324
    39   Ti      18.76738578369823     3.75347715673965    11.26043147021893       -0.00000552459948     0.00000000000000    -0.00004862065120
    40   Ti       3.75347715673965    11.26043147021893    11.26043147021893        0.00000838623512    -0.00000009316718    -0.00004879875673
    41   Ti      11.26043147021893    11.26043147021893    11.26043147021893       -0.00000420084906    -0.00000215572199    -0.00001815885964
    42   Ti      18.76738578369823    11.26043147021893    11.26043147021893       -0.00000418820458     0.00000211566931    -0.00001813511030
    43   Ti       3.75347715673965    18.76738578369823    11.26043147021893        0.00000838623513     0.00000009316718    -0.00004879875673
    44   Ti      11.26043147021893    18.76738578369823    11.26043147021893       -0.00000420084906     0.00000215572199    -0.00001815885964
    45   Ti      18.76738578369823    18.76738578369823    11.26043147021893       -0.00000418820458    -0.00000211566931    -0.00001813511030
    46   Ti       3.75347715673965     3.75347715673965    18.76738578369823        0.00024591139468     0.00000000000000    -0.00011426570013
    47   Ti      11.26043147021893     3.75347715673965    18.76738578369823        0.00006031673785     0.00000000000000     0.00004949786401
    48   Ti      18.76738578369823     3.75347715673965    18.76738578369823       -0.00025693652561     0.00000000000000     0.00002249457326
    49   Ti       3.75347715673965    11.26043147021893    18.76738578369823        0.00002558757843     0.00015896862778     0.00003600524105
    50   Ti      11.26043147021893    11.26043147021893    18.76738578369823       -0.00000139853488    -0.00000099751228     0.00002031211480
    51   Ti      18.76738578369823    11.26043147021893    18.76738578369823       -0.00002564142949     0.00002516150949    -0.00000251922727
    52   Ti       3.75347715673965    18.76738578369823    18.76738578369823        0.00002558757843    -0.00015896862777     0.00003600524105
    53   Ti      11.26043147021893    18.76738578369823    18.76738578369823       -0.00000139853488     0.00000099751229     0.00002031211480
    54   Ti      18.76738578369823    18.76738578369823    18.76738578369823       -0.00002564142949    -0.00002516150949    -0.00000251922727
    55   O        3.76683953831533     3.75347715673965     0.01336238157568       -0.00091075964102    -0.00000000000000    -0.00185137201672
    56   O       11.26043147021893     3.75347715673965     0.00000000000000        0.00001730434633    -0.00000000000000    -0.00005762550754
    57   O       18.76738578369823     3.75347715673965     0.00000000000000        0.00001779800111    -0.00000000000000    -0.00005731397631
    58   O        3.75347715673965    11.26043147021893     0.00000000000000       -0.00002073929870    -0.00000021673890    -0.00005746773485
    59   O       11.26043147021893    11.26043147021893     0.00000000000000        0.00001466916067     0.00001209412474    -0.00001288002183
    60   O       18.76738578369823    11.26043147021893     0.00000000000000        0.00001489868077    -0.00001230805591    -0.00001286738267
    61   O        3.75347715673965    18.76738578369823     0.00000000000000       -0.00002073929870     0.00000021673890    -0.00005746773485
    62   O       11.26043147021893    18.76738578369823     0.00000000000000        0.00001466916067    -0.00001209412474    -0.00001288002183
    63   O       18.76738578369823    18.76738578369823     0.00000000000000        0.00001489868077     0.00001230805591    -0.00001286738267
    64   O        3.75347715673965     3.75347715673965     7.50695431347929       -0.00000819130747     0.00000000000000     0.00048035917843
    65   O       11.26043147021893     3.75347715673965     7.50695431347929        0.00004001632678     0.00000000000000     0.00006175042571
    66   O       18.76738578369823     3.75347715673965     7.50695431347929       -0.00000604231498    -0.00000000000000     0.00001535856768
    67   O        3.75347715673965    11.26043147021893     7.50695431347929       -0.00000487796404     0.00002296707257     0.00003845135926
    68   O       11.26043147021893    11.26043147021893     7.50695431347929        0.00000711706817     0.00000597038947     0.00001105594979
    69   O       18.76738578369823    11.26043147021893     7.50695431347929       -0.00000196895406     0.00000312928782     0.00000195810731
    70   O        3.75347715673965    18.76738578369823     7.50695431347929       -0.00000487796404    -0.00002296707257     0.00003845135926
    71   O       11.26043147021893    18.76738578369823     7.50695431347929        0.00000711706817    -0.00000597038947     0.00001105594979
    72   O       18.76738578369823    18.76738578369823     7.50695431347929       -0.00000196895406    -0.00000312928782     0.00000195810731
    73   O        3.75347715673965     3.75347715673965    15.01390862695858       -0.00000833424100    -0.00000000000000     0.00047815864972
    74   O       11.26043147021893     3.75347715673965    15.01390862695858       -0.00000626801550    -0.00000000000000     0.00001582562244
    75   O       18.76738578369823     3.75347715673965    15.01390862695858        0.00003949146171    -0.00000000000000     0.00006124666131
    76   O        3.75347715673965    11.26043147021893    15.01390862695858       -0.00000487082846    -0.00002293954124     0.00003863512849
    77   O       11.26043147021893    11.26043147021893    15.01390862695858       -0.00000197888403    -0.00000312987432     0.00000209516875
    78   O       18.76738578369823    11.26043147021893    15.01390862695858        0.00000710995740    -0.00000594563302     0.00001117065169
    79   O        3.75347715673965    18.76738578369823    15.01390862695858       -0.00000487082846     0.00002293954124     0.00003863512849
    80   O       11.26043147021893    18.76738578369823    15.01390862695858       -0.00000197888403     0.00000312987432     0.00000209516875
    81   O       18.76738578369823    18.76738578369823    15.01390862695858        0.00000710995740     0.00000594563302     0.00001117065169
    82   O        3.75347715673965     0.00000000000000     3.75347715673965       -0.00003689140861    -0.00042459864290     0.00013212443134
    83   O       11.26043147021893     0.00000000000000     3.75347715673965        0.00002539953098    -0.00003779549967    -0.00000271112317
    84   O       18.76738578369823     0.00000000000000     3.75347715673965        0.00000271963678    -0.00001471213066    -0.00001676466346
    85   O        3.75347715673965     7.50695431347929     3.75347715673965       -0.00003689140861     0.00042459864289     0.00013212443134
    86   O       11.26043147021893     7.50695431347929     3.75347715673965        0.00002539953098     0.00003779549967    -0.00000271112317
    87   O       18.76738578369823     7.50695431347929     3.75347715673965        0.00000271963678     0.00001471213066    -0.00001676466346
    88   O        3.75347715673965    15.01390862695858     3.75347715673965       -0.00000585347640    -0.00000000000000    -0.00000486661598
    89   O       11.26043147021893    15.01390862695858     3.75347715673965        0.00000521654712    -0.00000000000000    -0.00000071933106
    90   O       18.76738578369823    15.01390862695858     3.75347715673965        0.00000017775622    -0.00000000000000    -0.00000441874333
    91   O        3.75347715673965     0.00000000000000    11.26043147021893       -0.00000585467569    -0.00000019245791     0.00004649378606
    92   O       11.26043147021893     0.00000000000000    11.26043147021893        0.00000270730242    -0.00000255786105     0.00001461855804
    93   O       18.76738578369823     0.00000000000000    11.26043147021893        0.00000269167600     0.00000250553154     0.00001458039296
    94   O        3.75347715673965     7.50695431347929    11.26043147021893       -0.00000585467569     0.00000019245791     0.00004649378606
    95   O       11.26043147021893     7.50695431347929    11.26043147021893        0.00000270730242     0.00000255786104     0.00001461855804
    96   O       18.76738578369823     7.50695431347929    11.26043147021893        0.00000269167600    -0.00000250553155     0.00001458039296
    97   O        3.75347715673965    15.01390862695858    11.26043147021893       -0.00000274696164    -0.00000000000000     0.00001191597886
    98   O       11.26043147021893    15.01390862695858    11.26043147021893        0.00000136264231    -0.00000000000000     0.00000512481493
    99   O       18.76738578369823    15.01390862695858    11.26043147021893        0.00000136555173    -0.00000000000000     0.00000512111115
   100   O        3.75347715673965     0.00000000000000    18.76738578369823       -0.00003599356168     0.00042168194183     0.00013297513428
   101   O       11.26043147021893     0.00000000000000    18.76738578369823        0.00000250611935     0.00001482605650    -0.00001656938360
   102   O       18.76738578369823     0.00000000000000    18.76738578369823        0.00002542079599     0.00003733534400    -0.00000234856801
   103   O        3.75347715673965     7.50695431347929    18.76738578369823       -0.00003599356168    -0.00042168194183     0.00013297513428
   104   O       11.26043147021893     7.50695431347929    18.76738578369823        0.00000250611935    -0.00001482605651    -0.00001656938360
   105   O       18.76738578369823     7.50695431347929    18.76738578369823        0.00002542079599    -0.00003733534401    -0.00000234856801
   106   O        3.75347715673965    15.01390862695858    18.76738578369823       -0.00000585549567    -0.00000000000000    -0.00000475695716
   107   O       11.26043147021893    15.01390862695858    18.76738578369823        0.00000015776218    -0.00000000000000    -0.00000435009447
   108   O       18.76738578369823    15.01390862695858    18.76738578369823        0.00000524561027    -0.00000000000000    -0.00000064833274
   109   O        0.00000000000000     3.75347715673965     3.75347715673965       -0.00028996575618    -0.00000000000000    -0.00003839408045
   110   O        7.50695431347929     3.75347715673965     3.75347715673965        0.00056101771598     0.00000000000000     0.00030426786433
   111   O       15.01390862695858     3.75347715673965     3.75347715673965        0.00004682166940    -0.00000000000000    -0.00000484605077
   112   O        0.00000000000000    11.26043147021893     3.75347715673965       -0.00003580378301     0.00000431089640    -0.00001990001111
   113   O        7.50695431347929    11.26043147021893     3.75347715673965        0.00001655900716     0.00001837247778     0.00000046569039
   114   O       15.01390862695858    11.26043147021893     3.75347715673965        0.00001461493480     0.00000253135183    -0.00000256737673
   115   O        0.00000000000000    18.76738578369823     3.75347715673965       -0.00003580378301    -0.00000431089640    -0.00001990001111
   116   O        7.50695431347929    18.76738578369823     3.75347715673965        0.00001655900716    -0.00001837247778     0.00000046569039
   117   O       15.01390862695858    18.76738578369823     3.75347715673965        0.00001461493480    -0.00000253135183    -0.00000256737673
   118   O        0.00000000000000     3.75347715673965    11.26043147021893       -0.00000499070591    -0.00000000000000     0.00004644422393
   119   O        7.50695431347929     3.75347715673965    11.26043147021893       -0.00000463318226     0.00000000000000     0.00004654389748
   120   O       15.01390862695858     3.75347715673965    11.26043147021893        0.00001191666158    -0.00000000000000     0.00001191645467
   121   O        0.00000000000000    11.26043147021893    11.26043147021893       -0.00000254269785    -0.00000183387778     0.00001458439058
   122   O        7.50695431347929    11.26043147021893    11.26043147021893       -0.00000252602407     0.00000186693564     0.00001461436744
   123   O       15.01390862695858    11.26043147021893    11.26043147021893        0.00000512345065     0.00000000424381     0.00000512301425
   124   O        0.00000000000000    18.76738578369823    11.26043147021893       -0.00000254269785     0.00000183387778     0.00001458439058
   125   O        7.50695431347929    18.76738578369823    11.26043147021893       -0.00000252602407    -0.00000186693564     0.00001461436744
   126   O       15.01390862695858    18.76738578369823    11.26043147021893        0.00000512345065    -0.00000000424381     0.00000512301425
   127   O        0.00000000000000     3.75347715673965    18.76738578369823        0.00055046510866    -0.00000000000000     0.00029831245392
   128   O        7.50695431347929     3.75347715673965    18.76738578369823       -0.00029120655390    -0.00000000000000    -0.00003391529687
   129   O       15.01390862695858     3.75347715673965    18.76738578369823        0.00004616531762    -0.00000000000000    -0.00000477775644
   130   O        0.00000000000000    11.26043147021893    18.76738578369823        0.00001657655046    -0.00001856146393     0.00000073604633
   131   O        7.50695431347929    11.26043147021893    18.76738578369823       -0.00003572412111    -0.00000434819981    -0.00001969463699
   132   O       15.01390862695858    11.26043147021893    18.76738578369823        0.00001458308899    -0.00000253224267    -0.00000250092040
   133   O        0.00000000000000    18.76738578369823    18.76738578369823        0.00001657655046     0.00001856146393     0.00000073604633
   134   O        7.50695431347929    18.76738578369823    18.76738578369823       -0.00003572412111     0.00000434819981    -0.00001969463699
   135   O       15.01390862695858    18.76738578369823    18.76738578369823        0.00001458308899     0.00000253224267    -0.00000250092040

                            Positions [Scaled sort of]                             Forces[eV/Angstrom]
     1   Ba       0.00000000000000     0.00000000000000     0.00000000000000        0.00228627154490    -0.00107558577011     0.00530820090532
     2   Ba       0.33333333333333     0.00000000000000     0.00000000000000        0.00250061323398     0.00085310113333     0.00532462665970
     3   Ba       0.66666666666667     0.00000000000000     0.00000000000000       -0.00128947977022     0.00000037424625     0.00068786728658
     4   Ba       0.00000000000000     0.33333333333333     0.00000000000000        0.00228627154490     0.00107558577006     0.00530820090533
     5   Ba       0.33333333333333     0.33333333333333     0.00000000000000        0.00250061323399    -0.00085310113337     0.00532462665969
     6   Ba       0.66666666666667     0.33333333333333     0.00000000000000       -0.00128947977022    -0.00000037424630     0.00068786728659
     7   Ba       0.00000000000000     0.66666666666667     0.00000000000000        0.00026349632302    -0.00000000000000     0.00068804205239
     8   Ba       0.33333333333333     0.66666666666667     0.00000000000000        0.00026696525494    -0.00000000000000     0.00068764952831
     9   Ba       0.66666666666667     0.66666666666667     0.00000000000000       -0.00053282795261     0.00000000000000     0.00027888066611
    10   Ba       0.00000000000000     0.00000000000000     0.33333333333333        0.00185915307838     0.00093376154818    -0.00114872290680
    11   Ba       0.33333333333333     0.00000000000000     0.33333333333333       -0.00128538406569     0.00221869841356    -0.00272192490698
    12   Ba       0.66666666666667     0.00000000000000     0.33333333333333       -0.00047006098866     0.00023732576391    -0.00033431446086
    13   Ba       0.00000000000000     0.33333333333333     0.33333333333333        0.00185915307837    -0.00093376154822    -0.00114872290678
    14   Ba       0.33333333333333     0.33333333333333     0.33333333333333       -0.00128538406568    -0.00221869841359    -0.00272192490697
    15   Ba       0.66666666666667     0.33333333333333     0.33333333333333       -0.00047006098864    -0.00023732576395    -0.00033431446086
    16   Ba       0.00000000000000     0.66666666666667     0.33333333333333        0.00033985516074     0.00000000000000    -0.00020150442680
    17   Ba       0.33333333333333     0.66666666666667     0.33333333333333       -0.00013275171917     0.00000000000001    -0.00046617479184
    18   Ba       0.66666666666667     0.66666666666667     0.33333333333333       -0.00020811652872     0.00000000000000    -0.00013772077788
    19   Ba       0.00000000000000     0.00000000000000     0.66666666666667       -0.00128641844879    -0.00219454037801    -0.00271846539903
    20   Ba       0.33333333333333     0.00000000000000     0.66666666666667        0.00185334754571    -0.00093756049478    -0.00116733264828
    21   Ba       0.66666666666667     0.00000000000000     0.66666666666667       -0.00046723915483    -0.00023563211211    -0.00033834945032
    22   Ba       0.00000000000000     0.33333333333333     0.66666666666667       -0.00128641844878     0.00219454037796    -0.00271846539903
    23   Ba       0.33333333333333     0.33333333333333     0.66666666666667        0.00185334754571     0.00093756049473    -0.00116733264827
    24   Ba       0.66666666666667     0.33333333333333     0.66666666666667       -0.00046723915482     0.00023563211206    -0.00033834945033
    25   Ba       0.00000000000000     0.66666666666667     0.66666666666667       -0.00013321290244     0.00000000000000    -0.00047132459302
    26   Ba       0.33333333333333     0.66666666666667     0.66666666666667        0.00034004542207     0.00000000000001    -0.00020628375694
    27   Ba       0.66666666666667     0.66666666666667     0.66666666666667       -0.00020776476607    -0.00000000000001    -0.00014040966701
    28   Ti       0.16666666666667     0.16666666666667     0.16666666666667        0.01266908745514     0.00000000000002    -0.00398311730828
    29   Ti       0.50000000000000     0.16666666666667     0.16666666666667       -0.01336196057976     0.00000000000005     0.00121937534742
    30   Ti       0.83333333333333     0.16666666666667     0.16666666666667        0.00303312675086     0.00000000000009     0.00255242684278
    31   Ti       0.16666666666667     0.50000000000000     0.16666666666667        0.00131011852087    -0.00817917507496     0.00188521499840
    32   Ti       0.50000000000000     0.50000000000000     0.16666666666667       -0.00130908413397    -0.00129464378372    -0.00011365739371
    33   Ti       0.83333333333333     0.50000000000000     0.16666666666667       -0.00007957319665     0.00006094968048     0.00105940933205
    34   Ti       0.16666666666667     0.83333333333333     0.16666666666667        0.00131011852091     0.00817917507532     0.00188521499843
    35   Ti       0.50000000000000     0.83333333333333     0.16666666666667       -0.00130908413397     0.00129464378404    -0.00011365739363
    36   Ti       0.83333333333333     0.83333333333333     0.16666666666667       -0.00007957319666    -0.00006094968016     0.00105940933209
    37   Ti       0.16666666666667     0.16666666666667     0.50000000000000        0.00066760255890     0.00000000000003    -0.02148244173209
    38   Ti       0.50000000000000     0.16666666666667     0.50000000000000       -0.00029178152379     0.00000000000002    -0.00251865332539
    39   Ti       0.83333333333333     0.16666666666667     0.50000000000000       -0.00028408630216     0.00000000000010    -0.00250017418793
    40   Ti       0.16666666666667     0.50000000000000     0.50000000000000        0.00043123751072    -0.00000479084835    -0.00250933274189
    41   Ti       0.50000000000000     0.50000000000000     0.50000000000000       -0.00021601632487    -0.00011085167175    -0.00093376602418
    42   Ti       0.83333333333333     0.50000000000000     0.50000000000000       -0.00021536611975     0.00010879208069    -0.00093254478412
    43   Ti       0.16666666666667     0.83333333333333     0.50000000000000        0.00043123751080     0.00000479084868    -0.00250933274187
    44   Ti       0.50000000000000     0.83333333333333     0.50000000000000       -0.00021601632488     0.00011085167210    -0.00093376602417
    45   Ti       0.83333333333333     0.83333333333333     0.50000000000000       -0.00021536611978    -0.00010879208039    -0.00093254478414
    46   Ti       0.16666666666667     0.16666666666667     0.83333333333333        0.01264527122414     0.00000000000010    -0.00587577802844
    47   Ti       0.50000000000000     0.16666666666667     0.83333333333333        0.00310161109218     0.00000000000009     0.00254528228045
    48   Ti       0.83333333333333     0.16666666666667     0.83333333333333       -0.01321220620093     0.00000000000011     0.00115671736266
    49   Ti       0.16666666666667     0.50000000000000     0.83333333333333        0.00131576606963     0.00817449478891     0.00185146377293
    50   Ti       0.50000000000000     0.50000000000000     0.83333333333333       -0.00007191554885    -0.00005129413949     0.00104449084627
    51   Ti       0.83333333333333     0.50000000000000     0.83333333333333       -0.00131853520208     0.00129385672576    -0.00012954386325
    52   Ti       0.16666666666667     0.83333333333333     0.83333333333333        0.00131576606965    -0.00817449478858     0.00185146377293
    53   Ti       0.50000000000000     0.83333333333333     0.83333333333333       -0.00007191554884     0.00005129413981     0.00104449084623
    54   Ti       0.83333333333333     0.83333333333333     0.83333333333333       -0.00131853520207    -0.00129385672541    -0.00012954386320
    55   O        0.16726000012867     0.16666666666667     0.00059333346200       -0.04683313961788    -0.00000000000002    -0.09520136843870
    56   O        0.50000000000000     0.16666666666667     0.00000000000000        0.00088982518659    -0.00000000000003    -0.00296322247806
    57   O        0.83333333333333     0.16666666666667     0.00000000000000        0.00091520993370    -0.00000000000002    -0.00294720289913
    58   O        0.16666666666667     0.50000000000000     0.00000000000000       -0.00106645752386    -0.00001114516134    -0.00295510948062
    59   O        0.50000000000000     0.50000000000000     0.00000000000000        0.00075431850360     0.00062190484427    -0.00066231729356
    60   O        0.83333333333333     0.50000000000000     0.00000000000000        0.00076612090066    -0.00063290562593    -0.00066166736178
    61   O        0.16666666666667     0.83333333333333     0.00000000000000       -0.00106645752385     0.00001114516135    -0.00295510948062
    62   O        0.50000000000000     0.83333333333333     0.00000000000000        0.00075431850359    -0.00062190484426    -0.00066231729357
    63   O        0.83333333333333     0.83333333333333     0.00000000000000        0.00076612090067     0.00063290562594    -0.00066166736176
    64   O        0.16666666666667     0.16666666666667     0.33333333333333       -0.00042121392872     0.00000000000000     0.02470105992495
    65   O        0.50000000000000     0.16666666666667     0.33333333333333        0.00205772207588     0.00000000000002     0.00317533427959
    66   O        0.83333333333333     0.16666666666667     0.33333333333333       -0.00031070830142    -0.00000000000001     0.00078976923450
    67   O        0.16666666666667     0.50000000000000     0.33333333333333       -0.00025083497410     0.00118101425208     0.00197724821755
    68   O        0.50000000000000     0.50000000000000     0.33333333333333        0.00036597432757     0.00030700974316     0.00056851974629
    69   O        0.83333333333333     0.50000000000000     0.33333333333333       -0.00010124767969     0.00016091443535     0.00010068991734
    70   O        0.16666666666667     0.83333333333333     0.33333333333333       -0.00025083497413    -0.00118101425209     0.00197724821755
    71   O        0.50000000000000     0.83333333333333     0.33333333333333        0.00036597432756    -0.00030700974316     0.00056851974630
    72   O        0.83333333333333     0.83333333333333     0.33333333333333       -0.00010124767969    -0.00016091443536     0.00010068991735
    73   O        0.16666666666667     0.16666666666667     0.66666666666667       -0.00042856386549    -0.00000000000001     0.02458790419891
    74   O        0.50000000000000     0.16666666666667     0.66666666666667       -0.00032231428777    -0.00000000000001     0.00081378615381
    75   O        0.83333333333333     0.16666666666667     0.66666666666667        0.00203073243107    -0.00000000000002     0.00314942967513
    76   O        0.16666666666667     0.50000000000000     0.66666666666667       -0.00025046804761    -0.00117959853427     0.00198669801055
    77   O        0.50000000000000     0.50000000000000     0.66666666666667       -0.00010175829942    -0.00016094459457     0.00010773789962
    78   O        0.83333333333333     0.50000000000000     0.66666666666667        0.00036560867723    -0.00030573671570     0.00057441795447
    79   O        0.16666666666667     0.83333333333333     0.66666666666667       -0.00025046804763     0.00117959853429     0.00198669801055
    80   O        0.50000000000000     0.83333333333333     0.66666666666667       -0.00010175829941     0.00016094459455     0.00010773789961
    81   O        0.83333333333333     0.83333333333333     0.66666666666667        0.00036560867723     0.00030573671569     0.00057441795446
    82   O        0.16666666666667     0.00000000000000     0.16666666666667       -0.00189703233709    -0.02183373815539     0.00679411082931
    83   O        0.50000000000000     0.00000000000000     0.16666666666667        0.00130609628141    -0.00194352256452    -0.00013941154623
    84   O        0.83333333333333     0.00000000000000     0.16666666666667        0.00013984933403    -0.00075652810941    -0.00086207357998
    85   O        0.16666666666667     0.33333333333333     0.16666666666667       -0.00189703233707     0.02183373815507     0.00679411082934
    86   O        0.50000000000000     0.33333333333333     0.16666666666667        0.00130609628140     0.00194352256422    -0.00013941154619
    87   O        0.83333333333333     0.33333333333333     0.16666666666667        0.00013984933401     0.00075652810911    -0.00086207357998
    88   O        0.16666666666667     0.66666666666667     0.16666666666667       -0.00030099783199    -0.00000000000004    -0.00025025143364
    89   O        0.50000000000000     0.66666666666667     0.16666666666667        0.00026824561438    -0.00000000000005    -0.00003698948700
    90   O        0.83333333333333     0.66666666666667     0.16666666666667        0.00000914059176    -0.00000000000005    -0.00022722089763
    91   O        0.16666666666667     0.00000000000000     0.50000000000000       -0.00030105950211    -0.00000989658291     0.00239080639503
    92   O        0.50000000000000     0.00000000000000     0.50000000000000        0.00013921507573    -0.00013153049197     0.00075171641226
    93   O        0.83333333333333     0.00000000000000     0.50000000000000        0.00013841153263     0.00012883960087     0.00074975388479
    94   O        0.16666666666667     0.33333333333333     0.50000000000000       -0.00030105950208     0.00000989658260     0.00239080639503
    95   O        0.50000000000000     0.33333333333333     0.50000000000000        0.00013921507573     0.00013153049169     0.00075171641225
    96   O        0.83333333333333     0.33333333333333     0.50000000000000        0.00013841153261    -0.00012883960116     0.00074975388480
    97   O        0.16666666666667     0.66666666666667     0.50000000000000       -0.00014125443445    -0.00000000000004     0.00061274421560
    98   O        0.50000000000000     0.66666666666667     0.50000000000000        0.00007006987887    -0.00000000000004     0.00026352855628
    99   O        0.83333333333333     0.66666666666667     0.50000000000000        0.00007021948705    -0.00000000000005     0.00026333810014
   100   O        0.16666666666667     0.00000000000000     0.83333333333333       -0.00185086319547     0.02168375536916     0.00683785572917
   101   O        0.50000000000000     0.00000000000000     0.83333333333333        0.00012886982696     0.00076238641119    -0.00085203188681
   102   O        0.83333333333333     0.00000000000000     0.83333333333333        0.00130718977240     0.00191986041059    -0.00012076821226
   103   O        0.16666666666667     0.33333333333333     0.83333333333333       -0.00185086319547    -0.02168375536946     0.00683785572917
   104   O        0.50000000000000     0.33333333333333     0.83333333333333        0.00012886982696    -0.00076238641147    -0.00085203188683
   105   O        0.83333333333333     0.33333333333333     0.83333333333333        0.00130718977239    -0.00191986041085    -0.00012076821227
   106   O        0.16666666666667     0.66666666666667     0.83333333333333       -0.00030110166734    -0.00000000000004    -0.00024461255081
   107   O        0.50000000000000     0.66666666666667     0.83333333333333        0.00000811245662    -0.00000000000005    -0.00022369083204
   108   O        0.83333333333333     0.66666666666667     0.83333333333333        0.00026974010184    -0.00000000000005    -0.00003333860707
   109   O        0.00000000000000     0.16666666666667     0.16666666666667       -0.01491063737585    -0.00000000000001    -0.00197430282309
   110   O        0.33333333333333     0.16666666666667     0.16666666666667        0.02884868832284     0.00000000000001     0.01564608128181
   111   O        0.66666666666667     0.16666666666667     0.16666666666667        0.00240766683251    -0.00000000000001    -0.00024919392777
   112   O        0.00000000000000     0.50000000000000     0.16666666666667       -0.00184110438490     0.00022167518629    -0.00102329962444
   113   O        0.33333333333333     0.50000000000000     0.16666666666667        0.00085149830920     0.00094475070933     0.00002394676058
   114   O        0.66666666666667     0.50000000000000     0.16666666666667        0.00075153009749     0.00013016733318    -0.00013201980787
   115   O        0.00000000000000     0.83333333333333     0.16666666666667       -0.00184110438490    -0.00022167518628    -0.00102329962444
   116   O        0.33333333333333     0.83333333333333     0.16666666666667        0.00085149830920    -0.00094475070935     0.00002394676055
   117   O        0.66666666666667     0.83333333333333     0.16666666666667        0.00075153009749    -0.00013016733318    -0.00013201980789
   118   O        0.00000000000000     0.16666666666667     0.50000000000000       -0.00025663239338    -0.00000000000002     0.00238825780781
   119   O        0.33333333333333     0.16666666666667     0.50000000000000       -0.00023824778983     0.00000000000001     0.00239338322761
   120   O        0.66666666666667     0.16666666666667     0.50000000000000        0.00061277932245    -0.00000000000001     0.00061276868259
   121   O        0.00000000000000     0.50000000000000     0.50000000000000       -0.00013075076903    -0.00009430177849     0.00074995945095
   122   O        0.33333333333333     0.50000000000000     0.50000000000000       -0.00012989336860     0.00009600168203     0.00075150092294
   123   O        0.66666666666667     0.50000000000000     0.50000000000000        0.00026345840214     0.00000021822534     0.00026343596149
   124   O        0.00000000000000     0.83333333333333     0.50000000000000       -0.00013075076904     0.00009430177851     0.00074995945094
   125   O        0.33333333333333     0.83333333333333     0.50000000000000       -0.00012989336860    -0.00009600168203     0.00075150092293
   126   O        0.66666666666667     0.83333333333333     0.50000000000000        0.00026345840213    -0.00000021822534     0.00026343596149
   127   O        0.00000000000000     0.16666666666667     0.83333333333333        0.02830605148419    -0.00000000000002     0.01533984179268
   128   O        0.33333333333333     0.16666666666667     0.83333333333333       -0.01497444175394    -0.00000000000002    -0.00174399453159
   129   O        0.66666666666667     0.16666666666667     0.83333333333333        0.00237391587014    -0.00000000000002    -0.00024568209231
   130   O        0.00000000000000     0.50000000000000     0.83333333333333        0.00085240042181    -0.00095446876725     0.00003784902083
   131   O        0.33333333333333     0.50000000000000     0.83333333333333       -0.00183700800547    -0.00022359340471    -0.00101273886367
   132   O        0.66666666666667     0.50000000000000     0.83333333333333        0.00074989252053    -0.00013021314215    -0.00012860248642
   133   O        0.00000000000000     0.83333333333333     0.83333333333333        0.00085240042183     0.00095446876725     0.00003784902082
   134   O        0.33333333333333     0.83333333333333     0.83333333333333       -0.00183700800547     0.00022359340471    -0.00101273886366
   135   O        0.66666666666667     0.83333333333333     0.83333333333333        0.00074989252053     0.00013021314215    -0.00012860248641

                            Positions [asap Scaled   ]                            Forces again[eV/Angstrom]again
     1   Ba       0.00000000000000     0.00000000000000     0.00000000000000        0.00228627154490    -0.00107558577011     0.00530820090532
     2   Ba       0.33333333333333     0.00000000000000     0.00000000000000        0.00250061323398     0.00085310113333     0.00532462665970
     3   Ba       0.66666666666667     0.00000000000000     0.00000000000000       -0.00128947977022     0.00000037424625     0.00068786728658
     4   Ba       0.00000000000000     0.33333333333333     0.00000000000000        0.00228627154490     0.00107558577006     0.00530820090533
     5   Ba       0.33333333333333     0.33333333333333     0.00000000000000        0.00250061323399    -0.00085310113337     0.00532462665969
     6   Ba       0.66666666666667     0.33333333333333     0.00000000000000       -0.00128947977022    -0.00000037424630     0.00068786728659
     7   Ba       0.00000000000000     0.66666666666667     0.00000000000000        0.00026349632302    -0.00000000000000     0.00068804205239
     8   Ba       0.33333333333333     0.66666666666667     0.00000000000000        0.00026696525494    -0.00000000000000     0.00068764952831
     9   Ba       0.66666666666667     0.66666666666667     0.00000000000000       -0.00053282795261     0.00000000000000     0.00027888066611
    10   Ba       0.00000000000000     0.00000000000000     0.33333333333333        0.00185915307838     0.00093376154818    -0.00114872290680
    11   Ba       0.33333333333333     0.00000000000000     0.33333333333333       -0.00128538406569     0.00221869841356    -0.00272192490698
    12   Ba       0.66666666666667     0.00000000000000     0.33333333333333       -0.00047006098866     0.00023732576391    -0.00033431446086
    13   Ba       0.00000000000000     0.33333333333333     0.33333333333333        0.00185915307837    -0.00093376154822    -0.00114872290678
    14   Ba       0.33333333333333     0.33333333333333     0.33333333333333       -0.00128538406568    -0.00221869841359    -0.00272192490697
    15   Ba       0.66666666666667     0.33333333333333     0.33333333333333       -0.00047006098864    -0.00023732576395    -0.00033431446086
    16   Ba       0.00000000000000     0.66666666666667     0.33333333333333        0.00033985516074     0.00000000000000    -0.00020150442680
    17   Ba       0.33333333333333     0.66666666666667     0.33333333333333       -0.00013275171917     0.00000000000001    -0.00046617479184
    18   Ba       0.66666666666667     0.66666666666667     0.33333333333333       -0.00020811652872     0.00000000000000    -0.00013772077788
    19   Ba       0.00000000000000     0.00000000000000     0.66666666666667       -0.00128641844879    -0.00219454037801    -0.00271846539903
    20   Ba       0.33333333333333     0.00000000000000     0.66666666666667        0.00185334754571    -0.00093756049478    -0.00116733264828
    21   Ba       0.66666666666667     0.00000000000000     0.66666666666667       -0.00046723915483    -0.00023563211211    -0.00033834945032
    22   Ba       0.00000000000000     0.33333333333333     0.66666666666667       -0.00128641844878     0.00219454037796    -0.00271846539903
    23   Ba       0.33333333333333     0.33333333333333     0.66666666666667        0.00185334754571     0.00093756049473    -0.00116733264827
    24   Ba       0.66666666666667     0.33333333333333     0.66666666666667       -0.00046723915482     0.00023563211206    -0.00033834945033
    25   Ba       0.00000000000000     0.66666666666667     0.66666666666667       -0.00013321290244     0.00000000000000    -0.00047132459302
    26   Ba       0.33333333333333     0.66666666666667     0.66666666666667        0.00034004542207     0.00000000000001    -0.00020628375694
    27   Ba       0.66666666666667     0.66666666666667     0.66666666666667       -0.00020776476607    -0.00000000000001    -0.00014040966701
    28   Ti       0.16666666666667     0.16666666666667     0.16666666666667        0.01266908745514     0.00000000000002    -0.00398311730828
    29   Ti       0.50000000000000     0.16666666666667     0.16666666666667       -0.01336196057976     0.00000000000005     0.00121937534742
    30   Ti       0.83333333333333     0.16666666666667     0.16666666666667        0.00303312675086     0.00000000000009     0.00255242684278
    31   Ti       0.16666666666667     0.50000000000000     0.16666666666667        0.00131011852087    -0.00817917507496     0.00188521499840
    32   Ti       0.50000000000000     0.50000000000000     0.16666666666667       -0.00130908413397    -0.00129464378372    -0.00011365739371
    33   Ti       0.83333333333333     0.50000000000000     0.16666666666667       -0.00007957319665     0.00006094968048     0.00105940933205
    34   Ti       0.16666666666667     0.83333333333333     0.16666666666667        0.00131011852091     0.00817917507532     0.00188521499843
    35   Ti       0.50000000000000     0.83333333333333     0.16666666666667       -0.00130908413397     0.00129464378404    -0.00011365739363
    36   Ti       0.83333333333333     0.83333333333333     0.16666666666667       -0.00007957319666    -0.00006094968016     0.00105940933209
    37   Ti       0.16666666666667     0.16666666666667     0.50000000000000        0.00066760255890     0.00000000000003    -0.02148244173209
    38   Ti       0.50000000000000     0.16666666666667     0.50000000000000       -0.00029178152379     0.00000000000002    -0.00251865332539
    39   Ti       0.83333333333333     0.16666666666667     0.50000000000000       -0.00028408630216     0.00000000000010    -0.00250017418793
    40   Ti       0.16666666666667     0.50000000000000     0.50000000000000        0.00043123751072    -0.00000479084835    -0.00250933274189
    41   Ti       0.50000000000000     0.50000000000000     0.50000000000000       -0.00021601632487    -0.00011085167175    -0.00093376602418
    42   Ti       0.83333333333333     0.50000000000000     0.50000000000000       -0.00021536611975     0.00010879208069    -0.00093254478412
    43   Ti       0.16666666666667     0.83333333333333     0.50000000000000        0.00043123751080     0.00000479084868    -0.00250933274187
    44   Ti       0.50000000000000     0.83333333333333     0.50000000000000       -0.00021601632488     0.00011085167210    -0.00093376602417
    45   Ti       0.83333333333333     0.83333333333333     0.50000000000000       -0.00021536611978    -0.00010879208039    -0.00093254478414
    46   Ti       0.16666666666667     0.16666666666667     0.83333333333333        0.01264527122414     0.00000000000010    -0.00587577802844
    47   Ti       0.50000000000000     0.16666666666667     0.83333333333333        0.00310161109218     0.00000000000009     0.00254528228045
    48   Ti       0.83333333333333     0.16666666666667     0.83333333333333       -0.01321220620093     0.00000000000011     0.00115671736266
    49   Ti       0.16666666666667     0.50000000000000     0.83333333333333        0.00131576606963     0.00817449478891     0.00185146377293
    50   Ti       0.50000000000000     0.50000000000000     0.83333333333333       -0.00007191554885    -0.00005129413949     0.00104449084627
    51   Ti       0.83333333333333     0.50000000000000     0.83333333333333       -0.00131853520208     0.00129385672576    -0.00012954386325
    52   Ti       0.16666666666667     0.83333333333333     0.83333333333333        0.00131576606965    -0.00817449478858     0.00185146377293
    53   Ti       0.50000000000000     0.83333333333333     0.83333333333333       -0.00007191554884     0.00005129413981     0.00104449084623
    54   Ti       0.83333333333333     0.83333333333333     0.83333333333333       -0.00131853520207    -0.00129385672541    -0.00012954386320
    55   O        0.16726000012867     0.16666666666667     0.00059333346200       -0.04683313961788    -0.00000000000002    -0.09520136843870
    56   O        0.50000000000000     0.16666666666667     0.00000000000000        0.00088982518659    -0.00000000000003    -0.00296322247806
    57   O        0.83333333333333     0.16666666666667     0.00000000000000        0.00091520993370    -0.00000000000002    -0.00294720289913
    58   O        0.16666666666667     0.50000000000000     0.00000000000000       -0.00106645752386    -0.00001114516134    -0.00295510948062
    59   O        0.50000000000000     0.50000000000000     0.00000000000000        0.00075431850360     0.00062190484427    -0.00066231729356
    60   O        0.83333333333333     0.50000000000000     0.00000000000000        0.00076612090066    -0.00063290562593    -0.00066166736178
    61   O        0.16666666666667     0.83333333333333     0.00000000000000       -0.00106645752385     0.00001114516135    -0.00295510948062
    62   O        0.50000000000000     0.83333333333333     0.00000000000000        0.00075431850359    -0.00062190484426    -0.00066231729357
    63   O        0.83333333333333     0.83333333333333     0.00000000000000        0.00076612090067     0.00063290562594    -0.00066166736176
    64   O        0.16666666666667     0.16666666666667     0.33333333333333       -0.00042121392872     0.00000000000000     0.02470105992495
    65   O        0.50000000000000     0.16666666666667     0.33333333333333        0.00205772207588     0.00000000000002     0.00317533427959
    66   O        0.83333333333333     0.16666666666667     0.33333333333333       -0.00031070830142    -0.00000000000001     0.00078976923450
    67   O        0.16666666666667     0.50000000000000     0.33333333333333       -0.00025083497410     0.00118101425208     0.00197724821755
    68   O        0.50000000000000     0.50000000000000     0.33333333333333        0.00036597432757     0.00030700974316     0.00056851974629
    69   O        0.83333333333333     0.50000000000000     0.33333333333333       -0.00010124767969     0.00016091443535     0.00010068991734
    70   O        0.16666666666667     0.83333333333333     0.33333333333333       -0.00025083497413    -0.00118101425209     0.00197724821755
    71   O        0.50000000000000     0.83333333333333     0.33333333333333        0.00036597432756    -0.00030700974316     0.00056851974630
    72   O        0.83333333333333     0.83333333333333     0.33333333333333       -0.00010124767969    -0.00016091443536     0.00010068991735
    73   O        0.16666666666667     0.16666666666667     0.66666666666667       -0.00042856386549    -0.00000000000001     0.02458790419891
    74   O        0.50000000000000     0.16666666666667     0.66666666666667       -0.00032231428777    -0.00000000000001     0.00081378615381
    75   O        0.83333333333333     0.16666666666667     0.66666666666667        0.00203073243107    -0.00000000000002     0.00314942967513
    76   O        0.16666666666667     0.50000000000000     0.66666666666667       -0.00025046804761    -0.00117959853427     0.00198669801055
    77   O        0.50000000000000     0.50000000000000     0.66666666666667       -0.00010175829942    -0.00016094459457     0.00010773789962
    78   O        0.83333333333333     0.50000000000000     0.66666666666667        0.00036560867723    -0.00030573671570     0.00057441795447
    79   O        0.16666666666667     0.83333333333333     0.66666666666667       -0.00025046804763     0.00117959853429     0.00198669801055
    80   O        0.50000000000000     0.83333333333333     0.66666666666667       -0.00010175829941     0.00016094459455     0.00010773789961
    81   O        0.83333333333333     0.83333333333333     0.66666666666667        0.00036560867723     0.00030573671569     0.00057441795446
    82   O        0.16666666666667     0.00000000000000     0.16666666666667       -0.00189703233709    -0.02183373815539     0.00679411082931
    83   O        0.50000000000000     0.00000000000000     0.16666666666667        0.00130609628141    -0.00194352256452    -0.00013941154623
    84   O        0.83333333333333     0.00000000000000     0.16666666666667        0.00013984933403    -0.00075652810941    -0.00086207357998
    85   O        0.16666666666667     0.33333333333333     0.16666666666667       -0.00189703233707     0.02183373815507     0.00679411082934
    86   O        0.50000000000000     0.33333333333333     0.16666666666667        0.00130609628140     0.00194352256422    -0.00013941154619
    87   O        0.83333333333333     0.33333333333333     0.16666666666667        0.00013984933401     0.00075652810911    -0.00086207357998
    88   O        0.16666666666667     0.66666666666667     0.16666666666667       -0.00030099783199    -0.00000000000004    -0.00025025143364
    89   O        0.50000000000000     0.66666666666667     0.16666666666667        0.00026824561438    -0.00000000000005    -0.00003698948700
    90   O        0.83333333333333     0.66666666666667     0.16666666666667        0.00000914059176    -0.00000000000005    -0.00022722089763
    91   O        0.16666666666667     0.00000000000000     0.50000000000000       -0.00030105950211    -0.00000989658291     0.00239080639503
    92   O        0.50000000000000     0.00000000000000     0.50000000000000        0.00013921507573    -0.00013153049197     0.00075171641226
    93   O        0.83333333333333     0.00000000000000     0.50000000000000        0.00013841153263     0.00012883960087     0.00074975388479
    94   O        0.16666666666667     0.33333333333333     0.50000000000000       -0.00030105950208     0.00000989658260     0.00239080639503
    95   O        0.50000000000000     0.33333333333333     0.50000000000000        0.00013921507573     0.00013153049169     0.00075171641225
    96   O        0.83333333333333     0.33333333333333     0.50000000000000        0.00013841153261    -0.00012883960116     0.00074975388480
    97   O        0.16666666666667     0.66666666666667     0.50000000000000       -0.00014125443445    -0.00000000000004     0.00061274421560
    98   O        0.50000000000000     0.66666666666667     0.50000000000000        0.00007006987887    -0.00000000000004     0.00026352855628
    99   O        0.83333333333333     0.66666666666667     0.50000000000000        0.00007021948705    -0.00000000000005     0.00026333810014
   100   O        0.16666666666667     0.00000000000000     0.83333333333333       -0.00185086319547     0.02168375536916     0.00683785572917
   101   O        0.50000000000000     0.00000000000000     0.83333333333333        0.00012886982696     0.00076238641119    -0.00085203188681
   102   O        0.83333333333333     0.00000000000000     0.83333333333333        0.00130718977240     0.00191986041059    -0.00012076821226
   103   O        0.16666666666667     0.33333333333333     0.83333333333333       -0.00185086319547    -0.02168375536946     0.00683785572917
   104   O        0.50000000000000     0.33333333333333     0.83333333333333        0.00012886982696    -0.00076238641147    -0.00085203188683
   105   O        0.83333333333333     0.33333333333333     0.83333333333333        0.00130718977239    -0.00191986041085    -0.00012076821227
   106   O        0.16666666666667     0.66666666666667     0.83333333333333       -0.00030110166734    -0.00000000000004    -0.00024461255081
   107   O        0.50000000000000     0.66666666666667     0.83333333333333        0.00000811245662    -0.00000000000005    -0.00022369083204
   108   O        0.83333333333333     0.66666666666667     0.83333333333333        0.00026974010184    -0.00000000000005    -0.00003333860707
   109   O        0.00000000000000     0.16666666666667     0.16666666666667       -0.01491063737585    -0.00000000000001    -0.00197430282309
   110   O        0.33333333333333     0.16666666666667     0.16666666666667        0.02884868832284     0.00000000000001     0.01564608128181
   111   O        0.66666666666667     0.16666666666667     0.16666666666667        0.00240766683251    -0.00000000000001    -0.00024919392777
   112   O        0.00000000000000     0.50000000000000     0.16666666666667       -0.00184110438490     0.00022167518629    -0.00102329962444
   113   O        0.33333333333333     0.50000000000000     0.16666666666667        0.00085149830920     0.00094475070933     0.00002394676058
   114   O        0.66666666666667     0.50000000000000     0.16666666666667        0.00075153009749     0.00013016733318    -0.00013201980787
   115   O        0.00000000000000     0.83333333333333     0.16666666666667       -0.00184110438490    -0.00022167518628    -0.00102329962444
   116   O        0.33333333333333     0.83333333333333     0.16666666666667        0.00085149830920    -0.00094475070935     0.00002394676055
   117   O        0.66666666666667     0.83333333333333     0.16666666666667        0.00075153009749    -0.00013016733318    -0.00013201980789
   118   O        0.00000000000000     0.16666666666667     0.50000000000000       -0.00025663239338    -0.00000000000002     0.00238825780781
   119   O        0.33333333333333     0.16666666666667     0.50000000000000       -0.00023824778983     0.00000000000001     0.00239338322761
   120   O        0.66666666666667     0.16666666666667     0.50000000000000        0.00061277932245    -0.00000000000001     0.00061276868259
   121   O        0.00000000000000     0.50000000000000     0.50000000000000       -0.00013075076903    -0.00009430177849     0.00074995945095
   122   O        0.33333333333333     0.50000000000000     0.50000000000000       -0.00012989336860     0.00009600168203     0.00075150092294
   123   O        0.66666666666667     0.50000000000000     0.50000000000000        0.00026345840214     0.00000021822534     0.00026343596149
   124   O        0.00000000000000     0.83333333333333     0.50000000000000       -0.00013075076904     0.00009430177851     0.00074995945094
   125   O        0.33333333333333     0.83333333333333     0.50000000000000       -0.00012989336860    -0.00009600168203     0.00075150092293
   126   O        0.66666666666667     0.83333333333333     0.50000000000000        0.00026345840213    -0.00000021822534     0.00026343596149
   127   O        0.00000000000000     0.16666666666667     0.83333333333333        0.02830605148419    -0.00000000000002     0.01533984179268
   128   O        0.33333333333333     0.16666666666667     0.83333333333333       -0.01497444175394    -0.00000000000002    -0.00174399453159
   129   O        0.66666666666667     0.16666666666667     0.83333333333333        0.00237391587014    -0.00000000000002    -0.00024568209231
   130   O        0.00000000000000     0.50000000000000     0.83333333333333        0.00085240042181    -0.00095446876725     0.00003784902083
   131   O        0.33333333333333     0.50000000000000     0.83333333333333       -0.00183700800547    -0.00022359340471    -0.00101273886367
   132   O        0.66666666666667     0.50000000000000     0.83333333333333        0.00074989252053    -0.00013021314215    -0.00012860248642
   133   O        0.00000000000000     0.83333333333333     0.83333333333333        0.00085240042183     0.00095446876725     0.00003784902082
   134   O        0.33333333333333     0.83333333333333     0.83333333333333       -0.00183700800547     0.00022359340471    -0.00101273886366
   135   O        0.66666666666667     0.83333333333333     0.83333333333333        0.00074989252053     0.00013021314215    -0.00012860248641
