    Energy =        -2.4520872993 Hartree 

                             Cell [Bohr]                                  Stress [GPa]
                 7.50482265894660     0.00000000000000     0.00000000000000             0.00000      -0.00000       0.00000
                 0.00000000000000     7.50482265894660     0.00000000000000            -0.00000       0.00000      -0.00000
                 0.00000000000000     0.00000000000000     7.50482265894660             0.00000      -0.00000       0.00000

                             Cell [Angstrom]                                  Stress [GPa]
                 3.97138112221000     0.00000000000000     0.00000000000000             0.00000      -0.00000       0.00000
                 0.00000000000000     3.97138112221000     0.00000000000000            -0.00000       0.00000      -0.00000
                 0.00000000000000     0.00000000000000     3.97138112221000             0.00000      -0.00000       0.00000
    Pressure =         0.0000000007 GPa 
    Volume per formula unit =        62.6361007690 Ang**3 

                            Positions [Bohr]                             Forces [Hartree/Bohr]
     1   Ba       0.00000000000000     0.00000000000000     0.00000000000000       -0.00000000000000    -0.00000000000000    -0.00000000000000
     2   Ti       3.75241132947330     3.75241132947330     3.75241132947330        0.00000000000000     0.00000000000000     0.00000000000000
     3   O        3.75241132947330     3.75241132947330     0.00000000000000       -0.00000000000000    -0.00000000000000    -0.00000000000000
     4   O        3.75241132947330     0.00000000000000     3.75241132947330       -0.00000000000000    -0.00000000000000    -0.00000000000000
     5   O        0.00000000000000     3.75241132947330     3.75241132947330       -0.00000000000000    -0.00000000000000    -0.00000000000000

                            Positions [Scaled sort of]                             Forces[eV/Angstrom]
     1   Ba       0.00000000000000     0.00000000000000     0.00000000000000       -0.00000000000002    -0.00000000000002    -0.00000000000002
     2   Ti       0.50000000000000     0.50000000000000     0.50000000000000        0.00000000000009     0.00000000000009     0.00000000000009
     3   O        0.50000000000000     0.50000000000000     0.00000000000000       -0.00000000000000    -0.00000000000000    -0.00000000000008
     4   O        0.50000000000000     0.00000000000000     0.50000000000000       -0.00000000000000    -0.00000000000008    -0.00000000000000
     5   O        0.00000000000000     0.50000000000000     0.50000000000000       -0.00000000000008    -0.00000000000000    -0.00000000000000

                            Positions [asap Scaled   ]                            Forces again[eV/Angstrom]again
     1   Ba       0.00000000000000     0.00000000000000     0.00000000000000       -0.00000000000002    -0.00000000000002    -0.00000000000002
     2   Ti       0.50000000000000     0.50000000000000     0.50000000000000        0.00000000000009     0.00000000000009     0.00000000000009
     3   O        0.50000000000000     0.50000000000000     0.00000000000000       -0.00000000000000    -0.00000000000000    -0.00000000000008
     4   O        0.50000000000000     0.00000000000000     0.50000000000000       -0.00000000000000    -0.00000000000008    -0.00000000000000
     5   O        0.00000000000000     0.50000000000000     0.50000000000000       -0.00000000000008    -0.00000000000000    -0.00000000000000
