    Energy =       -19.6166832919 Hartree 

                             Cell [Bohr]                                  Stress [GPa]
                15.00964531789319     0.00000000000000     0.00000000000000             0.00032      -0.00000      -0.00000
                 0.00000000000000    15.00964531789319     0.00000000000000            -0.00000       0.00039       0.00000
                 0.00000000000000     0.00000000000000    15.00964531789319            -0.00000       0.00000       0.00039

                             Cell [Angstrom]                                  Stress [GPa]
                 7.94276224442000     0.00000000000000     0.00000000000000             0.00032      -0.00000      -0.00000
                 0.00000000000000     7.94276224442000     0.00000000000000            -0.00000       0.00039       0.00000
                 0.00000000000000     0.00000000000000     7.94276224442000            -0.00000       0.00000       0.00039
    Pressure =         0.0003627280 GPa 
    Volume per formula unit =        62.6361007690 Ang**3 

                            Positions [Bohr]                             Forces [Hartree/Bohr]
     1   Ba       0.01889726124994     0.00000000000000     0.00000000000000       -0.00159884450373    -0.00000000000000    -0.00000000000000
     2   Ba       7.50482265894660     0.00000000000000     0.00000000000000        0.00044250685217    -0.00000000000000    -0.00000000000000
     3   Ba       0.00000000000000     7.50482265894660     0.00000000000000       -0.00013275371748    -0.00000000000000    -0.00000000000000
     4   Ba       7.50482265894660     7.50482265894660     0.00000000000000        0.00012310076019    -0.00000000000000    -0.00000000000000
     5   Ba       0.00000000000000     0.00000000000000     7.50482265894660       -0.00013275371748    -0.00000000000000     0.00000000000000
     6   Ba       7.50482265894660     0.00000000000000     7.50482265894660        0.00012310076019    -0.00000000000000    -0.00000000000000
     7   Ba       0.00000000000000     7.50482265894660     7.50482265894660       -0.00004204453970    -0.00000000000000    -0.00000000000000
     8   Ba       7.50482265894660     7.50482265894660     7.50482265894660        0.00004210707794     0.00000000000000     0.00000000000000
     9   Ti       3.75241132947330     3.75241132947330     3.75241132947330        0.00007634438274     0.00023273149376     0.00023273149376
    10   Ti      11.25723398841990     3.75241132947330     3.75241132947330        0.00007801196550    -0.00023138217790    -0.00023138217790
    11   Ti       3.75241132947330    11.25723398841990     3.75241132947330        0.00007634438274    -0.00023273149375     0.00023273149376
    12   Ti      11.25723398841990    11.25723398841990     3.75241132947330        0.00007801196550     0.00023138217791    -0.00023138217790
    13   Ti       3.75241132947330     3.75241132947330    11.25723398841990        0.00007634438274     0.00023273149376    -0.00023273149375
    14   Ti      11.25723398841990     3.75241132947330    11.25723398841990        0.00007801196550    -0.00023138217790     0.00023138217791
    15   Ti       3.75241132947330    11.25723398841990    11.25723398841990        0.00007634438274    -0.00023273149375    -0.00023273149375
    16   Ti      11.25723398841990    11.25723398841990    11.25723398841990        0.00007801196550     0.00023138217791     0.00023138217791
    17   O        3.75241132947330     3.75241132947330     0.00000000000000        0.00004732316277    -0.00001380182071    -0.00000000000000
    18   O       11.25723398841990     3.75241132947330     0.00000000000000        0.00004269907705     0.00001786378247    -0.00000000000000
    19   O        3.75241132947330    11.25723398841990     0.00000000000000        0.00004732316277     0.00001380182071    -0.00000000000000
    20   O       11.25723398841990    11.25723398841990     0.00000000000000        0.00004269907705    -0.00001786378247    -0.00000000000000
    21   O        3.75241132947330     3.75241132947330     7.50482265894660        0.00000377836717    -0.00002859210064    -0.00000000000000
    22   O       11.25723398841990     3.75241132947330     7.50482265894660        0.00000342546047     0.00002828296482    -0.00000000000000
    23   O        3.75241132947330    11.25723398841990     7.50482265894660        0.00000377836717     0.00002859210064    -0.00000000000000
    24   O       11.25723398841990    11.25723398841990     7.50482265894660        0.00000342546047    -0.00002828296482    -0.00000000000000
    25   O        3.75241132947330     0.00000000000000     3.75241132947330        0.00004732316277    -0.00000000000000    -0.00001380182071
    26   O       11.25723398841990     0.00000000000000     3.75241132947330        0.00004269907705    -0.00000000000000     0.00001786378247
    27   O        3.75241132947330     7.50482265894660     3.75241132947330        0.00000377836717    -0.00000000000000    -0.00002859210064
    28   O       11.25723398841990     7.50482265894660     3.75241132947330        0.00000342546047    -0.00000000000000     0.00002828296482
    29   O        3.75241132947330     0.00000000000000    11.25723398841990        0.00004732316277    -0.00000000000000     0.00001380182071
    30   O       11.25723398841990     0.00000000000000    11.25723398841990        0.00004269907705    -0.00000000000000    -0.00001786378247
    31   O        3.75241132947330     7.50482265894660    11.25723398841990        0.00000377836717    -0.00000000000000     0.00002859210064
    32   O       11.25723398841990     7.50482265894660    11.25723398841990        0.00000342546047    -0.00000000000000    -0.00002828296482
    33   O        0.00000000000000     3.75241132947330     3.75241132947330        0.00016556547782     0.00000026199846     0.00000026199846
    34   O        7.50482265894660     3.75241132947330     3.75241132947330       -0.00012325263655    -0.00000014577605    -0.00000014577605
    35   O        0.00000000000000    11.25723398841990     3.75241132947330        0.00016556547782    -0.00000026199846     0.00000026199846
    36   O        7.50482265894660    11.25723398841990     3.75241132947330       -0.00012325263655     0.00000014577605    -0.00000014577605
    37   O        0.00000000000000     3.75241132947330    11.25723398841990        0.00016556547782     0.00000026199846    -0.00000026199846
    38   O        7.50482265894660     3.75241132947330    11.25723398841990       -0.00012325263655    -0.00000014577605     0.00000014577605
    39   O        0.00000000000000    11.25723398841990    11.25723398841990        0.00016556547782    -0.00000026199846    -0.00000026199846
    40   O        7.50482265894660    11.25723398841990    11.25723398841990       -0.00012325263655     0.00000014577605     0.00000014577605

                            Positions [Scaled sort of]                             Forces[eV/Angstrom]
     1   Ba       0.00125900784793     0.00000000000000     0.00000000000000       -0.08221588276179    -0.00000000000003    -0.00000000000003
     2   Ba       0.50000000000000     0.00000000000000     0.00000000000000        0.02275461522003    -0.00000000000003    -0.00000000000002
     3   Ba       0.00000000000000     0.50000000000000     0.00000000000000       -0.00682647002067    -0.00000000000000    -0.00000000000002
     4   Ba       0.50000000000000     0.50000000000000     0.00000000000000        0.00633009504290    -0.00000000000001    -0.00000000000003
     5   Ba       0.00000000000000     0.00000000000000     0.50000000000000       -0.00682647002067    -0.00000000000003     0.00000000000000
     6   Ba       0.50000000000000     0.00000000000000     0.50000000000000        0.00633009504291    -0.00000000000003    -0.00000000000000
     7   Ba       0.00000000000000     0.50000000000000     0.50000000000000       -0.00216201696831    -0.00000000000000    -0.00000000000000
     8   Ba       0.50000000000000     0.50000000000000     0.50000000000000        0.00216523281357     0.00000000000001     0.00000000000001
     9   Ti       0.25000000000000     0.25000000000000     0.25000000000000        0.00392578565715     0.01196753352878     0.01196753352878
    10   Ti       0.75000000000000     0.25000000000000     0.25000000000000        0.00401153620291    -0.01189814892399    -0.01189814892399
    11   Ti       0.25000000000000     0.75000000000000     0.25000000000000        0.00392578565715    -0.01196753352858     0.01196753352878
    12   Ti       0.75000000000000     0.75000000000000     0.25000000000000        0.00401153620292     0.01189814892419    -0.01189814892399
    13   Ti       0.25000000000000     0.25000000000000     0.75000000000000        0.00392578565714     0.01196753352877    -0.01196753352859
    14   Ti       0.75000000000000     0.25000000000000     0.75000000000000        0.00401153620292    -0.01189814892398     0.01189814892419
    15   Ti       0.25000000000000     0.75000000000000     0.75000000000000        0.00392578565715    -0.01196753352857    -0.01196753352857
    16   Ti       0.75000000000000     0.75000000000000     0.75000000000000        0.00401153620292     0.01189814892420     0.01189814892420
    17   O        0.25000000000000     0.25000000000000     0.00000000000000        0.00243345465628    -0.00070971809392    -0.00000000000013
    18   O        0.75000000000000     0.25000000000000     0.00000000000000        0.00219567462896     0.00091859254721    -0.00000000000013
    19   O        0.25000000000000     0.75000000000000     0.00000000000000        0.00243345465628     0.00070971809392    -0.00000000000013
    20   O        0.75000000000000     0.75000000000000     0.00000000000000        0.00219567462896    -0.00091859254722    -0.00000000000013
    21   O        0.25000000000000     0.25000000000000     0.50000000000000        0.00019429143473    -0.00147026479986    -0.00000000000003
    22   O        0.75000000000000     0.25000000000000     0.50000000000000        0.00017614424406     0.00145436839836    -0.00000000000004
    23   O        0.25000000000000     0.75000000000000     0.50000000000000        0.00019429143473     0.00147026479985    -0.00000000000004
    24   O        0.75000000000000     0.75000000000000     0.50000000000000        0.00017614424406    -0.00145436839837    -0.00000000000004
    25   O        0.25000000000000     0.00000000000000     0.25000000000000        0.00243345465628    -0.00000000000013    -0.00070971809392
    26   O        0.75000000000000     0.00000000000000     0.25000000000000        0.00219567462896    -0.00000000000013     0.00091859254721
    27   O        0.25000000000000     0.50000000000000     0.25000000000000        0.00019429143473    -0.00000000000004    -0.00147026479985
    28   O        0.75000000000000     0.50000000000000     0.25000000000000        0.00017614424406    -0.00000000000004     0.00145436839836
    29   O        0.25000000000000     0.00000000000000     0.75000000000000        0.00243345465628    -0.00000000000013     0.00070971809392
    30   O        0.75000000000000     0.00000000000000     0.75000000000000        0.00219567462896    -0.00000000000013    -0.00091859254722
    31   O        0.25000000000000     0.50000000000000     0.75000000000000        0.00019429143473    -0.00000000000004     0.00147026479985
    32   O        0.75000000000000     0.50000000000000     0.75000000000000        0.00017614424406    -0.00000000000004    -0.00145436839837
    33   O        0.00000000000000     0.25000000000000     0.25000000000000        0.00851371842751     0.00001347250145     0.00001347250145
    34   O        0.50000000000000     0.25000000000000     0.25000000000000       -0.00633790483860    -0.00000749610512    -0.00000749610512
    35   O        0.00000000000000     0.75000000000000     0.25000000000000        0.00851371842751    -0.00001347250145     0.00001347250145
    36   O        0.50000000000000     0.75000000000000     0.25000000000000       -0.00633790483860     0.00000749610512    -0.00000749610512
    37   O        0.00000000000000     0.25000000000000     0.75000000000000        0.00851371842751     0.00001347250145    -0.00001347250146
    38   O        0.50000000000000     0.25000000000000     0.75000000000000       -0.00633790483860    -0.00000749610512     0.00000749610511
    39   O        0.00000000000000     0.75000000000000     0.75000000000000        0.00851371842751    -0.00001347250146    -0.00001347250145
    40   O        0.50000000000000     0.75000000000000     0.75000000000000       -0.00633790483860     0.00000749610512     0.00000749610512

                            Positions [asap Scaled   ]                            Forces again[eV/Angstrom]again
     1   Ba       0.00125900784793     0.00000000000000     0.00000000000000       -0.08221588276179    -0.00000000000003    -0.00000000000003
     2   Ba       0.50000000000000     0.00000000000000     0.00000000000000        0.02275461522003    -0.00000000000003    -0.00000000000002
     3   Ba       0.00000000000000     0.50000000000000     0.00000000000000       -0.00682647002067    -0.00000000000000    -0.00000000000002
     4   Ba       0.50000000000000     0.50000000000000     0.00000000000000        0.00633009504290    -0.00000000000001    -0.00000000000003
     5   Ba       0.00000000000000     0.00000000000000     0.50000000000000       -0.00682647002067    -0.00000000000003     0.00000000000000
     6   Ba       0.50000000000000     0.00000000000000     0.50000000000000        0.00633009504291    -0.00000000000003    -0.00000000000000
     7   Ba       0.00000000000000     0.50000000000000     0.50000000000000       -0.00216201696831    -0.00000000000000    -0.00000000000000
     8   Ba       0.50000000000000     0.50000000000000     0.50000000000000        0.00216523281357     0.00000000000001     0.00000000000001
     9   Ti       0.25000000000000     0.25000000000000     0.25000000000000        0.00392578565715     0.01196753352878     0.01196753352878
    10   Ti       0.75000000000000     0.25000000000000     0.25000000000000        0.00401153620291    -0.01189814892399    -0.01189814892399
    11   Ti       0.25000000000000     0.75000000000000     0.25000000000000        0.00392578565715    -0.01196753352858     0.01196753352878
    12   Ti       0.75000000000000     0.75000000000000     0.25000000000000        0.00401153620292     0.01189814892419    -0.01189814892399
    13   Ti       0.25000000000000     0.25000000000000     0.75000000000000        0.00392578565714     0.01196753352877    -0.01196753352859
    14   Ti       0.75000000000000     0.25000000000000     0.75000000000000        0.00401153620292    -0.01189814892398     0.01189814892419
    15   Ti       0.25000000000000     0.75000000000000     0.75000000000000        0.00392578565715    -0.01196753352857    -0.01196753352857
    16   Ti       0.75000000000000     0.75000000000000     0.75000000000000        0.00401153620292     0.01189814892420     0.01189814892420
    17   O        0.25000000000000     0.25000000000000     0.00000000000000        0.00243345465628    -0.00070971809392    -0.00000000000013
    18   O        0.75000000000000     0.25000000000000     0.00000000000000        0.00219567462896     0.00091859254721    -0.00000000000013
    19   O        0.25000000000000     0.75000000000000     0.00000000000000        0.00243345465628     0.00070971809392    -0.00000000000013
    20   O        0.75000000000000     0.75000000000000     0.00000000000000        0.00219567462896    -0.00091859254722    -0.00000000000013
    21   O        0.25000000000000     0.25000000000000     0.50000000000000        0.00019429143473    -0.00147026479986    -0.00000000000003
    22   O        0.75000000000000     0.25000000000000     0.50000000000000        0.00017614424406     0.00145436839836    -0.00000000000004
    23   O        0.25000000000000     0.75000000000000     0.50000000000000        0.00019429143473     0.00147026479985    -0.00000000000004
    24   O        0.75000000000000     0.75000000000000     0.50000000000000        0.00017614424406    -0.00145436839837    -0.00000000000004
    25   O        0.25000000000000     0.00000000000000     0.25000000000000        0.00243345465628    -0.00000000000013    -0.00070971809392
    26   O        0.75000000000000     0.00000000000000     0.25000000000000        0.00219567462896    -0.00000000000013     0.00091859254721
    27   O        0.25000000000000     0.50000000000000     0.25000000000000        0.00019429143473    -0.00000000000004    -0.00147026479985
    28   O        0.75000000000000     0.50000000000000     0.25000000000000        0.00017614424406    -0.00000000000004     0.00145436839836
    29   O        0.25000000000000     0.00000000000000     0.75000000000000        0.00243345465628    -0.00000000000013     0.00070971809392
    30   O        0.75000000000000     0.00000000000000     0.75000000000000        0.00219567462896    -0.00000000000013    -0.00091859254722
    31   O        0.25000000000000     0.50000000000000     0.75000000000000        0.00019429143473    -0.00000000000004     0.00147026479985
    32   O        0.75000000000000     0.50000000000000     0.75000000000000        0.00017614424406    -0.00000000000004    -0.00145436839837
    33   O        0.00000000000000     0.25000000000000     0.25000000000000        0.00851371842751     0.00001347250145     0.00001347250145
    34   O        0.50000000000000     0.25000000000000     0.25000000000000       -0.00633790483860    -0.00000749610512    -0.00000749610512
    35   O        0.00000000000000     0.75000000000000     0.25000000000000        0.00851371842751    -0.00001347250145     0.00001347250145
    36   O        0.50000000000000     0.75000000000000     0.25000000000000       -0.00633790483860     0.00000749610512    -0.00000749610512
    37   O        0.00000000000000     0.25000000000000     0.75000000000000        0.00851371842751     0.00001347250145    -0.00001347250146
    38   O        0.50000000000000     0.25000000000000     0.75000000000000       -0.00633790483860    -0.00000749610512     0.00000749610511
    39   O        0.00000000000000     0.75000000000000     0.75000000000000        0.00851371842751    -0.00001347250146    -0.00001347250145
    40   O        0.50000000000000     0.75000000000000     0.75000000000000       -0.00633790483860     0.00000749610512     0.00000749610512
