    Energy =       -19.6166803368 Hartree 

                             Cell [Bohr]                                  Stress [GPa]
                15.00964531789319     0.00000000000000     0.00000000000000             0.00037       0.00000       0.00020
                 0.00000000000000    15.00964531789319     0.00000000000000             0.00000       0.00040       0.00000
                 0.00000000000000     0.00000000000000    15.00964531789319             0.00020       0.00000       0.00112

                             Cell [Angstrom]                                  Stress [GPa]
                 7.94276224442000     0.00000000000000     0.00000000000000             0.00037       0.00000       0.00020
                 0.00000000000000     7.94276224442000     0.00000000000000             0.00000       0.00040       0.00000
                 0.00000000000000     0.00000000000000     7.94276224442000             0.00020       0.00000       0.00112
    Pressure =         0.0006302435 GPa 
    Volume per formula unit =        62.6361007690 Ang**3 

                            Positions [Bohr]                             Forces [Hartree/Bohr]
     1   Ba       0.00000000000000     0.00000000000000     0.00000000000000        0.00003002711539    -0.00001339551273     0.00011810567919
     2   Ba       7.50482265894660     0.00000000000000     0.00000000000000        0.00003343710492     0.00000993173522     0.00011832821252
     3   Ba       0.00000000000000     7.50482265894660     0.00000000000000        0.00003002711539     0.00001339551273     0.00011810567919
     4   Ba       7.50482265894660     7.50482265894660     0.00000000000000        0.00003343710492    -0.00000993173522     0.00011832821252
     5   Ba       0.00000000000000     0.00000000000000     7.50482265894660        0.00000250432535    -0.00002011090376    -0.00008594516065
     6   Ba       7.50482265894660     0.00000000000000     7.50482265894660        0.00000230796445     0.00002069589478    -0.00008630994373
     7   Ba       0.00000000000000     7.50482265894660     7.50482265894660        0.00000250432535     0.00002011090375    -0.00008594516065
     8   Ba       7.50482265894660     7.50482265894660     7.50482265894660        0.00000230796445    -0.00002069589478    -0.00008630994373
     9   Ti       3.75241132947330     3.75241132947330     3.75241132947330        0.00021491507104     0.00000000000000    -0.00025458087192
    10   Ti      11.25723398841990     3.75241132947330     3.75241132947330       -0.00016185725669     0.00000000000000     0.00002025840467
    11   Ti       3.75241132947330    11.25723398841990     3.75241132947330        0.00002158522348     0.00000000000000     0.00002011997669
    12   Ti      11.25723398841990    11.25723398841990     3.75241132947330       -0.00002710080870     0.00000000000000     0.00000040575294
    13   Ti       3.75241132947330     3.75241132947330    11.25723398841990        0.00021493749039     0.00000000000000    -0.00029275709924
    14   Ti      11.25723398841990     3.75241132947330    11.25723398841990       -0.00015864026182     0.00000000000000     0.00001923018209
    15   Ti       3.75241132947330    11.25723398841990    11.25723398841990        0.00002180854039     0.00000000000000     0.00001936275239
    16   Ti      11.25723398841990    11.25723398841990    11.25723398841990       -0.00002714050639     0.00000000000000    -0.00000012179480
    17   O        3.76577371104898     3.75241132947330     0.01336238157568       -0.00091049064459    -0.00000000000000    -0.00180843780644
    18   O       11.25723398841990     3.75241132947330     0.00000000000000        0.00001827252133    -0.00000000000000    -0.00011025813380
    19   O        3.75241132947330    11.25723398841990     0.00000000000000       -0.00002383627853     0.00000000000000    -0.00011025460533
    20   O       11.25723398841990    11.25723398841990     0.00000000000000        0.00003820844438     0.00000000000000    -0.00002689175296
    21   O        3.75241132947330     3.75241132947330     7.50482265894660       -0.00001177006059    -0.00000000000000     0.00083880808014
    22   O       11.25723398841990     3.75241132947330     7.50482265894660        0.00005846045907    -0.00000000000000     0.00013136380603
    23   O        3.75241132947330    11.25723398841990     7.50482265894660       -0.00000616370490    -0.00000000000000     0.00013135739402
    24   O       11.25723398841990    11.25723398841990     7.50482265894660        0.00000754681116    -0.00000000000000     0.00002777315020
    25   O        3.75241132947330     0.00000000000000     3.75241132947330       -0.00003167226740    -0.00039112588242     0.00016150728448
    26   O       11.25723398841990     0.00000000000000     3.75241132947330        0.00002165716618    -0.00004570908398    -0.00000354150350
    27   O        3.75241132947330     7.50482265894660     3.75241132947330       -0.00003167226740     0.00039112588242     0.00016150728448
    28   O       11.25723398841990     7.50482265894660     3.75241132947330        0.00002165716618     0.00004570908398    -0.00000354150350
    29   O        3.75241132947330     0.00000000000000    11.25723398841990       -0.00003075619801     0.00038749325937     0.00016170993058
    30   O       11.25723398841990     0.00000000000000    11.25723398841990        0.00002151605795     0.00004515023794    -0.00000313153766
    31   O        3.75241132947330     7.50482265894660    11.25723398841990       -0.00003075619801    -0.00038749325937     0.00016170993058
    32   O       11.25723398841990     7.50482265894660    11.25723398841990        0.00002151605795    -0.00004515023795    -0.00000313153766
    33   O        0.00000000000000     3.75241132947330     3.75241132947330       -0.00022722940539    -0.00000000000000    -0.00000300888118
    34   O        7.50482265894660     3.75241132947330     3.75241132947330        0.00055681266595    -0.00000000000000     0.00032797386598
    35   O        0.00000000000000    11.25723398841990     3.75241132947330       -0.00004889628568     0.00000000000000    -0.00001507024189
    36   O        7.50482265894660    11.25723398841990     3.75241132947330        0.00004217436517    -0.00000000000000     0.00000808000038
    37   O        0.00000000000000     3.75241132947330    11.25723398841990        0.00054513687962    -0.00000000000000     0.00032074533695
    38   O        7.50482265894660     3.75241132947330    11.25723398841990       -0.00022815273454    -0.00000000000000     0.00000081103963
    39   O        0.00000000000000    11.25723398841990    11.25723398841990        0.00004200787269    -0.00000000000000     0.00000842425664
    40   O        7.50482265894660    11.25723398841990    11.25723398841990       -0.00004863093454    -0.00000000000000    -0.00001477873364

                            Positions [Scaled sort of]                             Forces[eV/Angstrom]
     1   Ba       0.00000000000000     0.00000000000000     0.00000000000000        0.00154405621864    -0.00068882489946     0.00607323767314
     2   Ba       0.50000000000000     0.00000000000000     0.00000000000000        0.00171940491523     0.00051071031393     0.00608468079601
     3   Ba       0.00000000000000     0.50000000000000     0.00000000000000        0.00154405621863     0.00068882489943     0.00607323767315
     4   Ba       0.50000000000000     0.50000000000000     0.00000000000000        0.00171940491522    -0.00051071031396     0.00608468079601
     5   Ba       0.00000000000000     0.00000000000000     0.50000000000000        0.00012877757587    -0.00103414415944    -0.00441947746338
     6   Ba       0.50000000000000     0.00000000000000     0.50000000000000        0.00011868029346     0.00106422560472    -0.00443823536195
     7   Ba       0.00000000000000     0.50000000000000     0.50000000000000        0.00012877757588     0.00103414415941    -0.00441947746338
     8   Ba       0.50000000000000     0.50000000000000     0.50000000000000        0.00011868029347    -0.00106422560474    -0.00443823536193
     9   Ti       0.25000000000000     0.25000000000000     0.25000000000000        0.01105137631768     0.00000000000007    -0.01309107362872
    10   Ti       0.75000000000000     0.25000000000000     0.25000000000000       -0.00832303404703     0.00000000000007     0.00104172896096
    11   Ti       0.25000000000000     0.75000000000000     0.25000000000000        0.00110995672120     0.00000000000014     0.00103461070835
    12   Ti       0.75000000000000     0.75000000000000     0.25000000000000       -0.00139357949173     0.00000000000015     0.00002086465342
    13   Ti       0.25000000000000     0.25000000000000     0.75000000000000        0.01105252916721     0.00000000000006    -0.01505417399405
    14   Ti       0.75000000000000     0.25000000000000     0.75000000000000       -0.00815760953388     0.00000000000007     0.00098885563450
    15   Ti       0.25000000000000     0.75000000000000     0.75000000000000        0.00112144013713     0.00000000000015     0.00099567267260
    16   Ti       0.75000000000000     0.75000000000000     0.75000000000000       -0.00139562082892     0.00000000000015    -0.00000626293982
    17   O        0.25089025298684     0.25000000000000     0.00089025298684       -0.04681930726632    -0.00000000000000    -0.09299360277359
    18   O        0.75000000000000     0.25000000000000     0.00000000000000        0.00093961074283    -0.00000000000000    -0.00566970069979
    19   O        0.25000000000000     0.75000000000000     0.00000000000000       -0.00122571061572     0.00000000000000    -0.00566951925858
    20   O        0.75000000000000     0.75000000000000     0.00000000000000        0.00196475703292     0.00000000000000    -0.00138282941447
    21   O        0.25000000000000     0.25000000000000     0.50000000000000       -0.00060524079693    -0.00000000000001     0.04313324192293
    22   O        0.75000000000000     0.25000000000000     0.50000000000000        0.00300615740825    -0.00000000000001     0.00675499790679
    23   O        0.25000000000000     0.75000000000000     0.50000000000000       -0.00031695042163    -0.00000000000000     0.00675466818769
    24   O        0.75000000000000     0.75000000000000     0.50000000000000        0.00038807259890    -0.00000000000000     0.00142815267841
    25   O        0.25000000000000     0.00000000000000     0.25000000000000       -0.00162865332889    -0.02011249975815     0.00830503775390
    26   O        0.75000000000000     0.00000000000000     0.25000000000000        0.00111365616336    -0.00235045539532    -0.00018211141622
    27   O        0.25000000000000     0.50000000000000     0.25000000000000       -0.00162865332889     0.02011249975797     0.00830503775390
    28   O        0.75000000000000     0.50000000000000     0.25000000000000        0.00111365616336     0.00235045539514    -0.00018211141622
    29   O        0.25000000000000     0.00000000000000     0.75000000000000       -0.00158154715085     0.01992570278650     0.00831545823427
    30   O        0.75000000000000     0.00000000000000     0.75000000000000        0.00110640008713     0.00232171837890    -0.00016103012687
    31   O        0.25000000000000     0.50000000000000     0.75000000000000       -0.00158154715085    -0.01992570278668     0.00831545823427
    32   O        0.75000000000000     0.50000000000000     0.75000000000000        0.00110640008713    -0.00232171837907    -0.00016103012688
    33   O        0.00000000000000     0.25000000000000     0.25000000000000       -0.01168460479438    -0.00000000000000    -0.00015472287768
    34   O        0.50000000000000     0.25000000000000     0.25000000000000        0.02863245597509    -0.00000000000000     0.01686509279141
    35   O        0.00000000000000     0.75000000000000     0.25000000000000       -0.00251434788179     0.00000000000000    -0.00077494292753
    36   O        0.50000000000000     0.75000000000000     0.25000000000000        0.00216869286166    -0.00000000000000     0.00041549028862
    37   O        0.00000000000000     0.25000000000000     0.75000000000000        0.02803206295524    -0.00000000000000     0.01649338691626
    38   O        0.50000000000000     0.25000000000000     0.75000000000000       -0.01173208428411    -0.00000000000001     0.00004170533117
    39   O        0.00000000000000     0.75000000000000     0.75000000000000        0.00216013147478    -0.00000000000000     0.00043319265541
    40   O        0.50000000000000     0.75000000000000     0.75000000000000       -0.00250070297834    -0.00000000000000    -0.00075995297213

                            Positions [asap Scaled   ]                            Forces again[eV/Angstrom]again
     1   Ba       0.00000000000000     0.00000000000000     0.00000000000000        0.00154405621864    -0.00068882489946     0.00607323767314
     2   Ba       0.50000000000000     0.00000000000000     0.00000000000000        0.00171940491523     0.00051071031393     0.00608468079601
     3   Ba       0.00000000000000     0.50000000000000     0.00000000000000        0.00154405621863     0.00068882489943     0.00607323767315
     4   Ba       0.50000000000000     0.50000000000000     0.00000000000000        0.00171940491522    -0.00051071031396     0.00608468079601
     5   Ba       0.00000000000000     0.00000000000000     0.50000000000000        0.00012877757587    -0.00103414415944    -0.00441947746338
     6   Ba       0.50000000000000     0.00000000000000     0.50000000000000        0.00011868029346     0.00106422560472    -0.00443823536195
     7   Ba       0.00000000000000     0.50000000000000     0.50000000000000        0.00012877757588     0.00103414415941    -0.00441947746338
     8   Ba       0.50000000000000     0.50000000000000     0.50000000000000        0.00011868029347    -0.00106422560474    -0.00443823536193
     9   Ti       0.25000000000000     0.25000000000000     0.25000000000000        0.01105137631768     0.00000000000007    -0.01309107362872
    10   Ti       0.75000000000000     0.25000000000000     0.25000000000000       -0.00832303404703     0.00000000000007     0.00104172896096
    11   Ti       0.25000000000000     0.75000000000000     0.25000000000000        0.00110995672120     0.00000000000014     0.00103461070835
    12   Ti       0.75000000000000     0.75000000000000     0.25000000000000       -0.00139357949173     0.00000000000015     0.00002086465342
    13   Ti       0.25000000000000     0.25000000000000     0.75000000000000        0.01105252916721     0.00000000000006    -0.01505417399405
    14   Ti       0.75000000000000     0.25000000000000     0.75000000000000       -0.00815760953388     0.00000000000007     0.00098885563450
    15   Ti       0.25000000000000     0.75000000000000     0.75000000000000        0.00112144013713     0.00000000000015     0.00099567267260
    16   Ti       0.75000000000000     0.75000000000000     0.75000000000000       -0.00139562082892     0.00000000000015    -0.00000626293982
    17   O        0.25089025298684     0.25000000000000     0.00089025298684       -0.04681930726632    -0.00000000000000    -0.09299360277359
    18   O        0.75000000000000     0.25000000000000     0.00000000000000        0.00093961074283    -0.00000000000000    -0.00566970069979
    19   O        0.25000000000000     0.75000000000000     0.00000000000000       -0.00122571061572     0.00000000000000    -0.00566951925858
    20   O        0.75000000000000     0.75000000000000     0.00000000000000        0.00196475703292     0.00000000000000    -0.00138282941447
    21   O        0.25000000000000     0.25000000000000     0.50000000000000       -0.00060524079693    -0.00000000000001     0.04313324192293
    22   O        0.75000000000000     0.25000000000000     0.50000000000000        0.00300615740825    -0.00000000000001     0.00675499790679
    23   O        0.25000000000000     0.75000000000000     0.50000000000000       -0.00031695042163    -0.00000000000000     0.00675466818769
    24   O        0.75000000000000     0.75000000000000     0.50000000000000        0.00038807259890    -0.00000000000000     0.00142815267841
    25   O        0.25000000000000     0.00000000000000     0.25000000000000       -0.00162865332889    -0.02011249975815     0.00830503775390
    26   O        0.75000000000000     0.00000000000000     0.25000000000000        0.00111365616336    -0.00235045539532    -0.00018211141622
    27   O        0.25000000000000     0.50000000000000     0.25000000000000       -0.00162865332889     0.02011249975797     0.00830503775390
    28   O        0.75000000000000     0.50000000000000     0.25000000000000        0.00111365616336     0.00235045539514    -0.00018211141622
    29   O        0.25000000000000     0.00000000000000     0.75000000000000       -0.00158154715085     0.01992570278650     0.00831545823427
    30   O        0.75000000000000     0.00000000000000     0.75000000000000        0.00110640008713     0.00232171837890    -0.00016103012687
    31   O        0.25000000000000     0.50000000000000     0.75000000000000       -0.00158154715085    -0.01992570278668     0.00831545823427
    32   O        0.75000000000000     0.50000000000000     0.75000000000000        0.00110640008713    -0.00232171837907    -0.00016103012688
    33   O        0.00000000000000     0.25000000000000     0.25000000000000       -0.01168460479438    -0.00000000000000    -0.00015472287768
    34   O        0.50000000000000     0.25000000000000     0.25000000000000        0.02863245597509    -0.00000000000000     0.01686509279141
    35   O        0.00000000000000     0.75000000000000     0.25000000000000       -0.00251434788179     0.00000000000000    -0.00077494292753
    36   O        0.50000000000000     0.75000000000000     0.25000000000000        0.00216869286166    -0.00000000000000     0.00041549028862
    37   O        0.00000000000000     0.25000000000000     0.75000000000000        0.02803206295524    -0.00000000000000     0.01649338691626
    38   O        0.50000000000000     0.25000000000000     0.75000000000000       -0.01173208428411    -0.00000000000001     0.00004170533117
    39   O        0.00000000000000     0.75000000000000     0.75000000000000        0.00216013147478    -0.00000000000000     0.00043319265541
    40   O        0.50000000000000     0.75000000000000     0.75000000000000       -0.00250070297834    -0.00000000000000    -0.00075995297213
