    Energy =       -19.6166725457 Hartree 

                             Cell [Bohr]                                  Stress [GPa]
                15.00964531789319     0.00000000000000     0.00000000000000             0.00173       0.00000      -0.00000
                 0.00000000000000    15.00964531789319     0.00000000000000             0.00000       0.00010       0.00000
                 0.00000000000000     0.00000000000000    15.00964531789319            -0.00000       0.00000       0.00010

                             Cell [Angstrom]                                  Stress [GPa]
                 7.94276224442000     0.00000000000000     0.00000000000000             0.00173       0.00000      -0.00000
                 0.00000000000000     7.94276224442000     0.00000000000000             0.00000       0.00010       0.00000
                 0.00000000000000     0.00000000000000     7.94276224442000            -0.00000       0.00000       0.00010
    Pressure =         0.0006412827 GPa 
    Volume per formula unit =        62.6361007690 Ang**3 

                            Positions [Bohr]                             Forces [Hartree/Bohr]
     1   Ba       0.00000000000000     0.00000000000000     0.00000000000000        0.00007692613729     0.00023137663294     0.00023137663294
     2   Ba       7.50482265894660     0.00000000000000     0.00000000000000        0.00007420675016    -0.00023354510039    -0.00023354510039
     3   Ba       0.00000000000000     7.50482265894660     0.00000000000000        0.00007692613729    -0.00023137663294     0.00023137663294
     4   Ba       7.50482265894660     7.50482265894660     0.00000000000000        0.00007420675016     0.00023354510039    -0.00023354510039
     5   Ba       0.00000000000000     0.00000000000000     7.50482265894660        0.00007692613729     0.00023137663294    -0.00023137663294
     6   Ba       7.50482265894660     0.00000000000000     7.50482265894660        0.00007420675016    -0.00023354510039     0.00023354510039
     7   Ba       0.00000000000000     7.50482265894660     7.50482265894660        0.00007692613729    -0.00023137663294    -0.00023137663294
     8   Ba       7.50482265894660     7.50482265894660     7.50482265894660        0.00007420675016     0.00023354510039     0.00023354510039
     9   Ti       3.77130859072323     3.75241132947330     3.75241132947330       -0.00275425908991     0.00000000000000     0.00000000000000
    10   Ti      11.25723398841990     3.75241132947330     3.75241132947330        0.00241190292336     0.00000000000000     0.00000000000000
    11   Ti       3.75241132947330    11.25723398841990     3.75241132947330       -0.00002330756297     0.00000000000000     0.00000000000000
    12   Ti      11.25723398841990    11.25723398841990     3.75241132947330        0.00009625413014     0.00000000000000     0.00000000000000
    13   Ti       3.75241132947330     3.75241132947330    11.25723398841990       -0.00002330756297     0.00000000000000     0.00000000000000
    14   Ti      11.25723398841990     3.75241132947330    11.25723398841990        0.00009625413014     0.00000000000000     0.00000000000000
    15   Ti       3.75241132947330    11.25723398841990    11.25723398841990       -0.00006663997383     0.00000000000000     0.00000000000000
    16   Ti      11.25723398841990    11.25723398841990    11.25723398841990        0.00006470674144     0.00000000000000     0.00000000000000
    17   O        3.75241132947330     3.75241132947330     0.00000000000000        0.00030462157332    -0.00000000000000    -0.00000186565130
    18   O       11.25723398841990     3.75241132947330     0.00000000000000       -0.00022762525468    -0.00000000000000     0.00000277100011
    19   O        3.75241132947330    11.25723398841990     0.00000000000000        0.00003145864688     0.00000000000000    -0.00000132103509
    20   O       11.25723398841990    11.25723398841990     0.00000000000000       -0.00003898858249     0.00000000000000     0.00000026608856
    21   O        3.75241132947330     3.75241132947330     7.50482265894660        0.00030462157332    -0.00000000000000     0.00000186565129
    22   O       11.25723398841990     3.75241132947330     7.50482265894660       -0.00022762525468    -0.00000000000000    -0.00000277100011
    23   O        3.75241132947330    11.25723398841990     7.50482265894660        0.00003145864688    -0.00000000000000     0.00000132103509
    24   O       11.25723398841990    11.25723398841990     7.50482265894660       -0.00003898858249    -0.00000000000000    -0.00000026608856
    25   O        3.75241132947330     0.00000000000000     3.75241132947330        0.00030462157332    -0.00000186565130    -0.00000000000000
    26   O       11.25723398841990     0.00000000000000     3.75241132947330       -0.00022762525468     0.00000277100011    -0.00000000000000
    27   O        3.75241132947330     7.50482265894660     3.75241132947330        0.00030462157332     0.00000186565129    -0.00000000000000
    28   O       11.25723398841990     7.50482265894660     3.75241132947330       -0.00022762525468    -0.00000277100011    -0.00000000000000
    29   O        3.75241132947330     0.00000000000000    11.25723398841990        0.00003145864688    -0.00000132103509     0.00000000000000
    30   O       11.25723398841990     0.00000000000000    11.25723398841990       -0.00003898858249     0.00000026608856     0.00000000000000
    31   O        3.75241132947330     7.50482265894660    11.25723398841990        0.00003145864688     0.00000132103509    -0.00000000000000
    32   O       11.25723398841990     7.50482265894660    11.25723398841990       -0.00003898858249    -0.00000026608856    -0.00000000000000
    33   O        0.00000000000000     3.75241132947330     3.75241132947330       -0.00043675077949    -0.00000000000000    -0.00000000000000
    34   O        7.50482265894660     3.75241132947330     3.75241132947330       -0.00035850974781    -0.00000000000000    -0.00000000000000
    35   O        0.00000000000000    11.25723398841990     3.75241132947330        0.00002564480200     0.00000000000000    -0.00000000000000
    36   O        7.50482265894660    11.25723398841990     3.75241132947330        0.00002984151870    -0.00000000000000    -0.00000000000000
    37   O        0.00000000000000     3.75241132947330    11.25723398841990        0.00002564480200    -0.00000000000000     0.00000000000000
    38   O        7.50482265894660     3.75241132947330    11.25723398841990        0.00002984151870    -0.00000000000000    -0.00000000000000
    39   O        0.00000000000000    11.25723398841990    11.25723398841990       -0.00000038874920    -0.00000000000000     0.00000000000000
    40   O        7.50482265894660    11.25723398841990    11.25723398841990        0.00000067581784    -0.00000000000000    -0.00000000000000

                            Positions [Scaled sort of]                             Forces[eV/Angstrom]
     1   Ba       0.00000000000000     0.00000000000000     0.00000000000000        0.00395570067614     0.01189786379031     0.01189786379031
     2   Ba       0.50000000000000     0.00000000000000     0.00000000000000        0.00381586417987    -0.01200937086036    -0.01200937086035
     3   Ba       0.00000000000000     0.50000000000000     0.00000000000000        0.00395570067614    -0.01189786379034     0.01189786379031
     4   Ba       0.50000000000000     0.50000000000000     0.00000000000000        0.00381586417987     0.01200937086032    -0.01200937086036
     5   Ba       0.00000000000000     0.00000000000000     0.50000000000000        0.00395570067613     0.01189786379031    -0.01189786379034
     6   Ba       0.50000000000000     0.00000000000000     0.50000000000000        0.00381586417987    -0.01200937086036     0.01200937086033
     7   Ba       0.00000000000000     0.50000000000000     0.50000000000000        0.00395570067614    -0.01189786379034    -0.01189786379034
     8   Ba       0.50000000000000     0.50000000000000     0.50000000000000        0.00381586417988     0.01200937086034     0.01200937086034
     9   Ti       0.25125900784793     0.25000000000000     0.25000000000000       -0.14162968437764     0.00000000000007     0.00000000000007
    10   Ti       0.75000000000000     0.25000000000000     0.25000000000000        0.12402502402051     0.00000000000007     0.00000000000007
    11   Ti       0.25000000000000     0.75000000000000     0.25000000000000       -0.00119852297096     0.00000000000014     0.00000000000007
    12   Ti       0.75000000000000     0.75000000000000     0.25000000000000        0.00494958594173     0.00000000000015     0.00000000000007
    13   Ti       0.25000000000000     0.25000000000000     0.75000000000000       -0.00119852297096     0.00000000000006     0.00000000000013
    14   Ti       0.75000000000000     0.25000000000000     0.75000000000000        0.00494958594173     0.00000000000007     0.00000000000015
    15   Ti       0.25000000000000     0.75000000000000     0.75000000000000       -0.00342676493092     0.00000000000015     0.00000000000015
    16   Ti       0.75000000000000     0.75000000000000     0.75000000000000        0.00332735413314     0.00000000000015     0.00000000000015
    17   O        0.25000000000000     0.25000000000000     0.00000000000000        0.01566426972750    -0.00000000000001    -0.00009593563839
    18   O        0.75000000000000     0.25000000000000     0.00000000000000       -0.01170496018133    -0.00000000000000     0.00014249054211
    19   O        0.25000000000000     0.75000000000000     0.00000000000000        0.00161766852094     0.00000000000000    -0.00006793034979
    20   O        0.75000000000000     0.75000000000000     0.00000000000000       -0.00200487334423     0.00000000000000     0.00001368282261
    21   O        0.25000000000000     0.25000000000000     0.50000000000000        0.01566426972750    -0.00000000000001     0.00009593563822
    22   O        0.75000000000000     0.25000000000000     0.50000000000000       -0.01170496018133    -0.00000000000001    -0.00014249054229
    23   O        0.25000000000000     0.75000000000000     0.50000000000000        0.00161766852094    -0.00000000000000     0.00006793034961
    24   O        0.75000000000000     0.75000000000000     0.50000000000000       -0.00200487334423    -0.00000000000000    -0.00001368282279
    25   O        0.25000000000000     0.00000000000000     0.25000000000000        0.01566426972750    -0.00009593563839    -0.00000000000000
    26   O        0.75000000000000     0.00000000000000     0.25000000000000       -0.01170496018133     0.00014249054211    -0.00000000000001
    27   O        0.25000000000000     0.50000000000000     0.25000000000000        0.01566426972750     0.00009593563821    -0.00000000000001
    28   O        0.75000000000000     0.50000000000000     0.25000000000000       -0.01170496018133    -0.00014249054229    -0.00000000000001
    29   O        0.25000000000000     0.00000000000000     0.75000000000000        0.00161766852094    -0.00006793034978     0.00000000000000
    30   O        0.75000000000000     0.00000000000000     0.75000000000000       -0.00200487334422     0.00001368282261     0.00000000000000
    31   O        0.25000000000000     0.50000000000000     0.75000000000000        0.00161766852094     0.00006793034961    -0.00000000000000
    32   O        0.75000000000000     0.50000000000000     0.75000000000000       -0.00200487334423    -0.00001368282279    -0.00000000000000
    33   O        0.00000000000000     0.25000000000000     0.25000000000000       -0.02245862608850    -0.00000000000000    -0.00000000000000
    34   O        0.50000000000000     0.25000000000000     0.25000000000000       -0.01843531083001    -0.00000000000000    -0.00000000000001
    35   O        0.00000000000000     0.75000000000000     0.25000000000000        0.00131870862348     0.00000000000000    -0.00000000000001
    36   O        0.50000000000000     0.75000000000000     0.25000000000000        0.00153451245373    -0.00000000000000    -0.00000000000001
    37   O        0.00000000000000     0.25000000000000     0.75000000000000        0.00131870862349    -0.00000000000000     0.00000000000000
    38   O        0.50000000000000     0.25000000000000     0.75000000000000        0.00153451245373    -0.00000000000001    -0.00000000000000
    39   O        0.00000000000000     0.75000000000000     0.75000000000000       -0.00001999028572    -0.00000000000000     0.00000000000000
    40   O        0.50000000000000     0.75000000000000     0.75000000000000        0.00003475194760    -0.00000000000000    -0.00000000000000

                            Positions [asap Scaled   ]                            Forces again[eV/Angstrom]again
     1   Ba       0.00000000000000     0.00000000000000     0.00000000000000        0.00395570067614     0.01189786379031     0.01189786379031
     2   Ba       0.50000000000000     0.00000000000000     0.00000000000000        0.00381586417987    -0.01200937086036    -0.01200937086035
     3   Ba       0.00000000000000     0.50000000000000     0.00000000000000        0.00395570067614    -0.01189786379034     0.01189786379031
     4   Ba       0.50000000000000     0.50000000000000     0.00000000000000        0.00381586417987     0.01200937086032    -0.01200937086036
     5   Ba       0.00000000000000     0.00000000000000     0.50000000000000        0.00395570067613     0.01189786379031    -0.01189786379034
     6   Ba       0.50000000000000     0.00000000000000     0.50000000000000        0.00381586417987    -0.01200937086036     0.01200937086033
     7   Ba       0.00000000000000     0.50000000000000     0.50000000000000        0.00395570067614    -0.01189786379034    -0.01189786379034
     8   Ba       0.50000000000000     0.50000000000000     0.50000000000000        0.00381586417988     0.01200937086034     0.01200937086034
     9   Ti       0.25125900784793     0.25000000000000     0.25000000000000       -0.14162968437764     0.00000000000007     0.00000000000007
    10   Ti       0.75000000000000     0.25000000000000     0.25000000000000        0.12402502402051     0.00000000000007     0.00000000000007
    11   Ti       0.25000000000000     0.75000000000000     0.25000000000000       -0.00119852297096     0.00000000000014     0.00000000000007
    12   Ti       0.75000000000000     0.75000000000000     0.25000000000000        0.00494958594173     0.00000000000015     0.00000000000007
    13   Ti       0.25000000000000     0.25000000000000     0.75000000000000       -0.00119852297096     0.00000000000006     0.00000000000013
    14   Ti       0.75000000000000     0.25000000000000     0.75000000000000        0.00494958594173     0.00000000000007     0.00000000000015
    15   Ti       0.25000000000000     0.75000000000000     0.75000000000000       -0.00342676493092     0.00000000000015     0.00000000000015
    16   Ti       0.75000000000000     0.75000000000000     0.75000000000000        0.00332735413314     0.00000000000015     0.00000000000015
    17   O        0.25000000000000     0.25000000000000     0.00000000000000        0.01566426972750    -0.00000000000001    -0.00009593563839
    18   O        0.75000000000000     0.25000000000000     0.00000000000000       -0.01170496018133    -0.00000000000000     0.00014249054211
    19   O        0.25000000000000     0.75000000000000     0.00000000000000        0.00161766852094     0.00000000000000    -0.00006793034979
    20   O        0.75000000000000     0.75000000000000     0.00000000000000       -0.00200487334423     0.00000000000000     0.00001368282261
    21   O        0.25000000000000     0.25000000000000     0.50000000000000        0.01566426972750    -0.00000000000001     0.00009593563822
    22   O        0.75000000000000     0.25000000000000     0.50000000000000       -0.01170496018133    -0.00000000000001    -0.00014249054229
    23   O        0.25000000000000     0.75000000000000     0.50000000000000        0.00161766852094    -0.00000000000000     0.00006793034961
    24   O        0.75000000000000     0.75000000000000     0.50000000000000       -0.00200487334423    -0.00000000000000    -0.00001368282279
    25   O        0.25000000000000     0.00000000000000     0.25000000000000        0.01566426972750    -0.00009593563839    -0.00000000000000
    26   O        0.75000000000000     0.00000000000000     0.25000000000000       -0.01170496018133     0.00014249054211    -0.00000000000001
    27   O        0.25000000000000     0.50000000000000     0.25000000000000        0.01566426972750     0.00009593563821    -0.00000000000001
    28   O        0.75000000000000     0.50000000000000     0.25000000000000       -0.01170496018133    -0.00014249054229    -0.00000000000001
    29   O        0.25000000000000     0.00000000000000     0.75000000000000        0.00161766852094    -0.00006793034978     0.00000000000000
    30   O        0.75000000000000     0.00000000000000     0.75000000000000       -0.00200487334422     0.00001368282261     0.00000000000000
    31   O        0.25000000000000     0.50000000000000     0.75000000000000        0.00161766852094     0.00006793034961    -0.00000000000000
    32   O        0.75000000000000     0.50000000000000     0.75000000000000       -0.00200487334423    -0.00001368282279    -0.00000000000000
    33   O        0.00000000000000     0.25000000000000     0.25000000000000       -0.02245862608850    -0.00000000000000    -0.00000000000000
    34   O        0.50000000000000     0.25000000000000     0.25000000000000       -0.01843531083001    -0.00000000000000    -0.00000000000001
    35   O        0.00000000000000     0.75000000000000     0.25000000000000        0.00131870862348     0.00000000000000    -0.00000000000001
    36   O        0.50000000000000     0.75000000000000     0.25000000000000        0.00153451245373    -0.00000000000000    -0.00000000000001
    37   O        0.00000000000000     0.25000000000000     0.75000000000000        0.00131870862349    -0.00000000000000     0.00000000000000
    38   O        0.50000000000000     0.25000000000000     0.75000000000000        0.00153451245373    -0.00000000000001    -0.00000000000000
    39   O        0.00000000000000     0.75000000000000     0.75000000000000       -0.00001999028572    -0.00000000000000     0.00000000000000
    40   O        0.50000000000000     0.75000000000000     0.75000000000000        0.00003475194760    -0.00000000000000    -0.00000000000000
