    Energy = -12708426.9085003193 Hartree 

                             Cell [Bohr]                                  Stress [GPa]
                15.01390862695858     0.00000000000000     0.00000000000000             0.00159      -0.00000       0.00000
                 0.00000000000000    15.01390862695858     0.00000000000000            -0.00000       0.00009       0.00000
                 0.00000000000000     0.00000000000000    15.01390862695858             0.00000       0.00000       0.00009

                             Cell [Angstrom]                                  Stress [GPa]
                 7.94501829042000     0.00000000000000     0.00000000000000             0.00159      -0.00000       0.00000
                 0.00000000000000     7.94501829042000     0.00000000000000            -0.00000       0.00009       0.00000
                 0.00000000000000     0.00000000000000     7.94501829042000             0.00000       0.00000       0.00009
    Pressure =         0.0005868005 GPa 
    Volume per formula unit =        62.6894874573 Ang**3 

                            Positions [Bohr]                             Forces [Hartree/Bohr]
     1   Ba       0.00000000000000     0.00000000000000     0.00000000000000        0.00007527855025     0.00023381873813     0.00023381873813
     2   Ba       7.50695431347929     0.00000000000000     0.00000000000000        0.00007279652359    -0.00023601295295    -0.00023601295295
     3   Ba       0.00000000000000     7.50695431347929     0.00000000000000        0.00007527855025    -0.00023381873813     0.00023381873813
     4   Ba       7.50695431347929     7.50695431347929     0.00000000000000        0.00007279652359     0.00023601295295    -0.00023601295295
     5   Ba       0.00000000000000     0.00000000000000     7.50695431347929        0.00007527855025     0.00023381873813    -0.00023381873813
     6   Ba       7.50695431347929     0.00000000000000     7.50695431347929        0.00007279652359    -0.00023601295295     0.00023601295295
     7   Ba       0.00000000000000     7.50695431347929     7.50695431347929        0.00007527855025    -0.00023381873813    -0.00023381873813
     8   Ba       7.50695431347929     7.50695431347929     7.50695431347929        0.00007279652359     0.00023601295295     0.00023601295295
     9   Ti       3.77237441798958     3.75347715673965     3.75347715673965       -0.00276600182989     0.00000000000000     0.00000000000000
    10   Ti      11.26043147021893     3.75347715673965     3.75347715673965        0.00254161985550     0.00000000000000     0.00000000000000
    11   Ti       3.75347715673965    11.26043147021893     3.75347715673965       -0.00004166960466     0.00000000000000     0.00000000000000
    12   Ti      11.26043147021893    11.26043147021893     3.75347715673965        0.00009500334086     0.00000000000000     0.00000000000000
    13   Ti       3.75347715673965     3.75347715673965    11.26043147021893       -0.00004166960466     0.00000000000000     0.00000000000000
    14   Ti      11.26043147021893     3.75347715673965    11.26043147021893        0.00009500334086     0.00000000000000     0.00000000000000
    15   Ti       3.75347715673965    11.26043147021893    11.26043147021893       -0.00009901051651     0.00000000000000     0.00000000000000
    16   Ti      11.26043147021893    11.26043147021893    11.26043147021893        0.00009391095472     0.00000000000000     0.00000000000000
    17   O        3.75347715673965     3.75347715673965     0.00000000000000        0.00031906750871    -0.00000000000000    -0.00000222844480
    18   O       11.26043147021893     3.75347715673965     0.00000000000000       -0.00025067479475    -0.00000000000000     0.00000350374887
    19   O        3.75347715673965    11.26043147021893     0.00000000000000        0.00004502538710     0.00000000000000    -0.00000126252351
    20   O       11.26043147021893    11.26043147021893     0.00000000000000       -0.00004921994638     0.00000000000000     0.00000027253447
    21   O        3.75347715673965     3.75347715673965     7.50695431347929        0.00031906750871    -0.00000000000000     0.00000222844480
    22   O       11.26043147021893     3.75347715673965     7.50695431347929       -0.00025067479475    -0.00000000000000    -0.00000350374887
    23   O        3.75347715673965    11.26043147021893     7.50695431347929        0.00004502538710     0.00000000000000     0.00000126252351
    24   O       11.26043147021893    11.26043147021893     7.50695431347929       -0.00004921994638     0.00000000000000    -0.00000027253447
    25   O        3.75347715673965     0.00000000000000     3.75347715673965        0.00031906750871    -0.00000222844480    -0.00000000000000
    26   O       11.26043147021893     0.00000000000000     3.75347715673965       -0.00025067479475     0.00000350374887    -0.00000000000000
    27   O        3.75347715673965     7.50695431347929     3.75347715673965        0.00031906750871     0.00000222844480    -0.00000000000000
    28   O       11.26043147021893     7.50695431347929     3.75347715673965       -0.00025067479475    -0.00000350374887    -0.00000000000000
    29   O        3.75347715673965     0.00000000000000    11.26043147021893        0.00004502538710    -0.00000126252351     0.00000000000000
    30   O       11.26043147021893     0.00000000000000    11.26043147021893       -0.00004921994638     0.00000027253447     0.00000000000000
    31   O        3.75347715673965     7.50695431347929    11.26043147021893        0.00004502538710     0.00000126252351     0.00000000000000
    32   O       11.26043147021893     7.50695431347929    11.26043147021893       -0.00004921994638    -0.00000027253447     0.00000000000000
    33   O        0.00000000000000     3.75347715673965     3.75347715673965       -0.00046987317411    -0.00000000000000    -0.00000000000000
    34   O        7.50695431347929     3.75347715673965     3.75347715673965       -0.00039070590605    -0.00000000000000    -0.00000000000000
    35   O        0.00000000000000    11.26043147021893     3.75347715673965        0.00003177301750     0.00000000000000    -0.00000000000000
    36   O        7.50695431347929    11.26043147021893     3.75347715673965        0.00003547635284     0.00000000000000    -0.00000000000000
    37   O        0.00000000000000     3.75347715673965    11.26043147021893        0.00003177301750    -0.00000000000000     0.00000000000000
    38   O        7.50695431347929     3.75347715673965    11.26043147021893        0.00003547635284    -0.00000000000000     0.00000000000000
    39   O        0.00000000000000    11.26043147021893    11.26043147021893       -0.00000043437579     0.00000000000000     0.00000000000000
    40   O        7.50695431347929    11.26043147021893    11.26043147021893        0.00000023586498     0.00000000000000     0.00000000000000

                            Positions [Scaled sort of]                             Forces[eV/Angstrom]
     1   Ba       0.00000000000000     0.00000000000000     0.00000000000000        0.00387097835201     0.01202344187739     0.01202344187739
     2   Ba       0.50000000000000     0.00000000000000     0.00000000000000        0.00374334742046    -0.01213627293031    -0.01213627293031
     3   Ba       0.00000000000000     0.50000000000000     0.00000000000000        0.00387097835201    -0.01202344187743     0.01202344187740
     4   Ba       0.50000000000000     0.50000000000000     0.00000000000000        0.00374334742046     0.01213627293027    -0.01213627293031
     5   Ba       0.00000000000000     0.00000000000000     0.50000000000000        0.00387097835201     0.01202344187740    -0.01202344187743
     6   Ba       0.50000000000000     0.00000000000000     0.50000000000000        0.00374334742046    -0.01213627293031     0.01213627293027
     7   Ba       0.00000000000000     0.50000000000000     0.50000000000000        0.00387097835201    -0.01202344187743    -0.01202344187744
     8   Ba       0.50000000000000     0.50000000000000     0.50000000000000        0.00374334742046     0.01213627293027     0.01213627293027
     9   Ti       0.25125865034346     0.25000000000000     0.25000000000000       -0.14223352029262     0.00000000000006     0.00000000000005
    10   Ti       0.75000000000000     0.25000000000000     0.25000000000000        0.13069533627425     0.00000000000006     0.00000000000006
    11   Ti       0.25000000000000     0.75000000000000     0.25000000000000       -0.00214273703530     0.00000000000017     0.00000000000006
    12   Ti       0.75000000000000     0.75000000000000     0.25000000000000        0.00488526777696     0.00000000000018     0.00000000000006
    13   Ti       0.25000000000000     0.25000000000000     0.75000000000000       -0.00214273703529     0.00000000000006     0.00000000000018
    14   Ti       0.75000000000000     0.25000000000000     0.75000000000000        0.00488526777696     0.00000000000006     0.00000000000017
    15   Ti       0.25000000000000     0.75000000000000     0.75000000000000       -0.00509132501533     0.00000000000018     0.00000000000018
    16   Ti       0.75000000000000     0.75000000000000     0.75000000000000        0.00482909502782     0.00000000000018     0.00000000000018
    17   O        0.25000000000000     0.25000000000000     0.00000000000000        0.01640710952672    -0.00000000000001    -0.00011459122887
    18   O        0.75000000000000     0.25000000000000     0.00000000000000       -0.01289021508269    -0.00000000000001     0.00018016999494
    19   O        0.25000000000000     0.75000000000000     0.00000000000000        0.00231529829123     0.00000000000001    -0.00006492156339
    20   O        0.75000000000000     0.75000000000000     0.00000000000000       -0.00253099118243     0.00000000000001     0.00001401428454
    21   O        0.25000000000000     0.25000000000000     0.50000000000000        0.01640710952672    -0.00000000000001     0.00011459122865
    22   O        0.75000000000000     0.25000000000000     0.50000000000000       -0.01289021508269    -0.00000000000000    -0.00018016999515
    23   O        0.25000000000000     0.75000000000000     0.50000000000000        0.00231529829123     0.00000000000001     0.00006492156319
    24   O        0.75000000000000     0.75000000000000     0.50000000000000       -0.00253099118243     0.00000000000001    -0.00001401428475
    25   O        0.25000000000000     0.00000000000000     0.25000000000000        0.01640710952672    -0.00011459122887    -0.00000000000001
    26   O        0.75000000000000     0.00000000000000     0.25000000000000       -0.01289021508269     0.00018016999494    -0.00000000000000
    27   O        0.25000000000000     0.50000000000000     0.25000000000000        0.01640710952672     0.00011459122865    -0.00000000000001
    28   O        0.75000000000000     0.50000000000000     0.25000000000000       -0.01289021508268    -0.00018016999515    -0.00000000000000
    29   O        0.25000000000000     0.00000000000000     0.75000000000000        0.00231529829122    -0.00006492156340     0.00000000000001
    30   O        0.75000000000000     0.00000000000000     0.75000000000000       -0.00253099118243     0.00001401428454     0.00000000000001
    31   O        0.25000000000000     0.50000000000000     0.75000000000000        0.00231529829123     0.00006492156319     0.00000000000002
    32   O        0.75000000000000     0.50000000000000     0.75000000000000       -0.00253099118243    -0.00001401428474     0.00000000000001
    33   O        0.00000000000000     0.25000000000000     0.25000000000000       -0.02416184795049    -0.00000000000001    -0.00000000000001
    34   O        0.50000000000000     0.25000000000000     0.25000000000000       -0.02009090370652    -0.00000000000000    -0.00000000000001
    35   O        0.00000000000000     0.75000000000000     0.25000000000000        0.00163383410679     0.00000000000001    -0.00000000000000
    36   O        0.50000000000000     0.75000000000000     0.25000000000000        0.00182426725004     0.00000000000001    -0.00000000000000
    37   O        0.00000000000000     0.25000000000000     0.75000000000000        0.00163383410679    -0.00000000000001     0.00000000000001
    38   O        0.50000000000000     0.25000000000000     0.75000000000000        0.00182426725004    -0.00000000000000     0.00000000000002
    39   O        0.00000000000000     0.75000000000000     0.75000000000000       -0.00002233649902     0.00000000000001     0.00000000000001
    40   O        0.50000000000000     0.75000000000000     0.75000000000000        0.00001212866373     0.00000000000002     0.00000000000001

                            Positions [asap Scaled   ]                            Forces again[eV/Angstrom]again
     1   Ba       0.00000000000000     0.00000000000000     0.00000000000000        0.00387097835201     0.01202344187739     0.01202344187739
     2   Ba       0.50000000000000     0.00000000000000     0.00000000000000        0.00374334742046    -0.01213627293031    -0.01213627293031
     3   Ba       0.00000000000000     0.50000000000000     0.00000000000000        0.00387097835201    -0.01202344187743     0.01202344187740
     4   Ba       0.50000000000000     0.50000000000000     0.00000000000000        0.00374334742046     0.01213627293027    -0.01213627293031
     5   Ba       0.00000000000000     0.00000000000000     0.50000000000000        0.00387097835201     0.01202344187740    -0.01202344187743
     6   Ba       0.50000000000000     0.00000000000000     0.50000000000000        0.00374334742046    -0.01213627293031     0.01213627293027
     7   Ba       0.00000000000000     0.50000000000000     0.50000000000000        0.00387097835201    -0.01202344187743    -0.01202344187744
     8   Ba       0.50000000000000     0.50000000000000     0.50000000000000        0.00374334742046     0.01213627293027     0.01213627293027
     9   Ti       0.25125865034346     0.25000000000000     0.25000000000000       -0.14223352029262     0.00000000000006     0.00000000000005
    10   Ti       0.75000000000000     0.25000000000000     0.25000000000000        0.13069533627425     0.00000000000006     0.00000000000006
    11   Ti       0.25000000000000     0.75000000000000     0.25000000000000       -0.00214273703530     0.00000000000017     0.00000000000006
    12   Ti       0.75000000000000     0.75000000000000     0.25000000000000        0.00488526777696     0.00000000000018     0.00000000000006
    13   Ti       0.25000000000000     0.25000000000000     0.75000000000000       -0.00214273703529     0.00000000000006     0.00000000000018
    14   Ti       0.75000000000000     0.25000000000000     0.75000000000000        0.00488526777696     0.00000000000006     0.00000000000017
    15   Ti       0.25000000000000     0.75000000000000     0.75000000000000       -0.00509132501533     0.00000000000018     0.00000000000018
    16   Ti       0.75000000000000     0.75000000000000     0.75000000000000        0.00482909502782     0.00000000000018     0.00000000000018
    17   O        0.25000000000000     0.25000000000000     0.00000000000000        0.01640710952672    -0.00000000000001    -0.00011459122887
    18   O        0.75000000000000     0.25000000000000     0.00000000000000       -0.01289021508269    -0.00000000000001     0.00018016999494
    19   O        0.25000000000000     0.75000000000000     0.00000000000000        0.00231529829123     0.00000000000001    -0.00006492156339
    20   O        0.75000000000000     0.75000000000000     0.00000000000000       -0.00253099118243     0.00000000000001     0.00001401428454
    21   O        0.25000000000000     0.25000000000000     0.50000000000000        0.01640710952672    -0.00000000000001     0.00011459122865
    22   O        0.75000000000000     0.25000000000000     0.50000000000000       -0.01289021508269    -0.00000000000000    -0.00018016999515
    23   O        0.25000000000000     0.75000000000000     0.50000000000000        0.00231529829123     0.00000000000001     0.00006492156319
    24   O        0.75000000000000     0.75000000000000     0.50000000000000       -0.00253099118243     0.00000000000001    -0.00001401428475
    25   O        0.25000000000000     0.00000000000000     0.25000000000000        0.01640710952672    -0.00011459122887    -0.00000000000001
    26   O        0.75000000000000     0.00000000000000     0.25000000000000       -0.01289021508269     0.00018016999494    -0.00000000000000
    27   O        0.25000000000000     0.50000000000000     0.25000000000000        0.01640710952672     0.00011459122865    -0.00000000000001
    28   O        0.75000000000000     0.50000000000000     0.25000000000000       -0.01289021508268    -0.00018016999515    -0.00000000000000
    29   O        0.25000000000000     0.00000000000000     0.75000000000000        0.00231529829122    -0.00006492156340     0.00000000000001
    30   O        0.75000000000000     0.00000000000000     0.75000000000000       -0.00253099118243     0.00001401428454     0.00000000000001
    31   O        0.25000000000000     0.50000000000000     0.75000000000000        0.00231529829123     0.00006492156319     0.00000000000002
    32   O        0.75000000000000     0.50000000000000     0.75000000000000       -0.00253099118243    -0.00001401428474     0.00000000000001
    33   O        0.00000000000000     0.25000000000000     0.25000000000000       -0.02416184795049    -0.00000000000001    -0.00000000000001
    34   O        0.50000000000000     0.25000000000000     0.25000000000000       -0.02009090370652    -0.00000000000000    -0.00000000000001
    35   O        0.00000000000000     0.75000000000000     0.25000000000000        0.00163383410679     0.00000000000001    -0.00000000000000
    36   O        0.50000000000000     0.75000000000000     0.25000000000000        0.00182426725004     0.00000000000001    -0.00000000000000
    37   O        0.00000000000000     0.25000000000000     0.75000000000000        0.00163383410679    -0.00000000000001     0.00000000000001
    38   O        0.50000000000000     0.25000000000000     0.75000000000000        0.00182426725004    -0.00000000000000     0.00000000000002
    39   O        0.00000000000000     0.75000000000000     0.75000000000000       -0.00002233649902     0.00000000000001     0.00000000000001
    40   O        0.50000000000000     0.75000000000000     0.75000000000000        0.00001212866373     0.00000000000002     0.00000000000001
