  1.2649555488E+00
  1.2649555488E+00
  1.2649555488E+00
  1.2649555488E+00
  1.2649555488E+00
  1.2649555488E+00
  1.2649555488E+00
  1.2649555488E+00
  1.2649555488E+00
  1.2649555488E+00
  1.2649555488E+00
  1.2649555488E+00
  1.2649555488E+00
  1.2649555488E+00
  1.2649555488E+00
  1.2649555488E+00
  1.2649555488E+00
  1.2649555488E+00
  1.2649555488E+00
  1.2649555488E+00
  1.2649555488E+00
  1.2649555488E+00
  1.2649555488E+00
  1.2649555488E+00
  1.2649555488E+00
  1.2649555488E+00
  1.2649555488E+00
  2.6550060758E+00
  2.6636353141E+00
  2.6603912537E+00
  2.6420220760E+00
  2.6580469123E+00
  2.6491333328E+00
  2.6724104446E+00
  2.6644459055E+00
  2.6417632821E+00
  2.6787477517E+00
  2.6740566454E+00
  2.6613684428E+00
  2.6732470929E+00
  2.6597552523E+00
  2.6510826158E+00
  2.6535485353E+00
  2.6561119489E+00
  2.6693901191E+00
  2.6520392851E+00
  2.6570359735E+00
  2.6457334658E+00
  2.6550345444E+00
  2.6471354902E+00
  2.6552200451E+00
  2.6584886012E+00
  2.6498849757E+00
  2.6581133247E+00
 -1.3076129448E+00
 -1.3076129447E+00
 -1.3076129447E+00
 -1.3076129447E+00
 -1.3076129447E+00
 -1.3076129447E+00
 -1.3076129447E+00
 -1.3076129448E+00
 -1.3076129447E+00
 -1.3076129447E+00
 -1.3076129447E+00
 -1.3076129447E+00
 -1.3076129448E+00
 -1.3076129447E+00
 -1.3076129448E+00
 -1.3076129447E+00
 -1.3076129447E+00
 -1.3076129448E+00
 -1.3076129447E+00
 -1.3076129448E+00
 -1.3076129447E+00
 -1.3076129447E+00
 -1.3076129448E+00
 -1.3076129448E+00
 -1.3076129447E+00
 -1.3076129448E+00
 -1.3076129447E+00
 -1.3076129446E+00
 -1.3076129448E+00
 -1.3076129448E+00
 -1.3076129447E+00
 -1.3076129447E+00
 -1.3076129447E+00
 -1.3076129447E+00
 -1.3076129448E+00
 -1.3076129447E+00
 -1.3076129448E+00
 -1.3076129447E+00
 -1.3076129446E+00
 -1.3076129447E+00
 -1.3076129448E+00
 -1.3076129447E+00
 -1.3076129447E+00
 -1.3076129447E+00
 -1.3076129447E+00
 -1.3076129447E+00
 -1.3076129448E+00
 -1.3076129448E+00
 -1.3076129448E+00
 -1.3076129447E+00
 -1.3076129447E+00
 -1.3076129447E+00
 -1.3076129447E+00
 -1.3076129447E+00
 -1.3076129447E+00
 -1.3076129446E+00
 -1.3076129448E+00
 -1.3076129447E+00
 -1.3076129447E+00
 -1.3076129448E+00
 -1.3076129446E+00
 -1.3076129446E+00
 -1.3076129448E+00
 -1.3076129447E+00
 -1.3076129447E+00
 -1.3076129448E+00
 -1.3076129447E+00
 -1.3076129447E+00
 -1.3076129447E+00
 -1.3076129448E+00
 -1.3076129447E+00
 -1.3076129447E+00
 -1.3076129448E+00
 -1.3076129447E+00
 -1.3076129447E+00
 -1.3076129447E+00
 -1.3076129447E+00
 -1.3076129447E+00
 -1.3076129447E+00
 -1.3076129447E+00
 -1.3076129447E+00
