  1.2649555488E+00
  1.2649555488E+00
  1.2649555488E+00
  1.2649555488E+00
  1.2649555488E+00
  1.2649555488E+00
  1.2649555488E+00
  1.2649555488E+00
  1.2649555488E+00
  1.2649555488E+00
  1.2649555488E+00
  1.2649555488E+00
  1.2649555488E+00
  1.2649555488E+00
  1.2649555488E+00
  1.2649555488E+00
  1.2649555488E+00
  1.2649555488E+00
  1.2649555488E+00
  1.2649555488E+00
  1.2649555488E+00
  1.2649555488E+00
  1.2649555488E+00
  1.2649555488E+00
  1.2649555488E+00
  1.2649555488E+00
  1.2649555488E+00
  2.6571019668E+00
  2.6456193351E+00
  2.6259057711E+00
  2.6597059603E+00
  2.6456755136E+00
  2.6324869472E+00
  2.6594593156E+00
  2.6675037147E+00
  2.6878206777E+00
  2.6824983070E+00
  2.6775807427E+00
  2.6514971703E+00
  2.6720111833E+00
  2.6442052012E+00
  2.6309231411E+00
  2.6743685101E+00
  2.6700812314E+00
  2.6537623941E+00
  2.6791848806E+00
  2.6728732301E+00
  2.6573536950E+00
  2.6515935356E+00
  2.6601611300E+00
  2.6269054596E+00
  2.6684896437E+00
  2.6590493100E+00
  2.6490307417E+00
 -1.3076129447E+00
 -1.3076129448E+00
 -1.3076129447E+00
 -1.3076129447E+00
 -1.3076129448E+00
 -1.3076129447E+00
 -1.3076129448E+00
 -1.3076129449E+00
 -1.3076129447E+00
 -1.3076129448E+00
 -1.3076129447E+00
 -1.3076129448E+00
 -1.3076129447E+00
 -1.3076129447E+00
 -1.3076129448E+00
 -1.3076129447E+00
 -1.3076129448E+00
 -1.3076129447E+00
 -1.3076129448E+00
 -1.3076129447E+00
 -1.3076129448E+00
 -1.3076129448E+00
 -1.3076129447E+00
 -1.3076129447E+00
 -1.3076129446E+00
 -1.3076129448E+00
 -1.3076129448E+00
 -1.3076129448E+00
 -1.3076129447E+00
 -1.3076129448E+00
 -1.3076129447E+00
 -1.3076129447E+00
 -1.3076129447E+00
 -1.3076129448E+00
 -1.3076129447E+00
 -1.3076129448E+00
 -1.3076129448E+00
 -1.3076129447E+00
 -1.3076129448E+00
 -1.3076129448E+00
 -1.3076129448E+00
 -1.3076129447E+00
 -1.3076129447E+00
 -1.3076129447E+00
 -1.3076129447E+00
 -1.3076129448E+00
 -1.3076129447E+00
 -1.3076129448E+00
 -1.3076129447E+00
 -1.3076129447E+00
 -1.3076129447E+00
 -1.3076129447E+00
 -1.3076129448E+00
 -1.3076129447E+00
 -1.3076129448E+00
 -1.3076129447E+00
 -1.3076129448E+00
 -1.3076129447E+00
 -1.3076129447E+00
 -1.3076129448E+00
 -1.3076129448E+00
 -1.3076129448E+00
 -1.3076129447E+00
 -1.3076129447E+00
 -1.3076129447E+00
 -1.3076129448E+00
 -1.3076129448E+00
 -1.3076129448E+00
 -1.3076129448E+00
 -1.3076129447E+00
 -1.3076129447E+00
 -1.3076129448E+00
 -1.3076129447E+00
 -1.3076129448E+00
 -1.3076129447E+00
 -1.3076129448E+00
 -1.3076129447E+00
 -1.3076129448E+00
 -1.3076129448E+00
 -1.3076129447E+00
 -1.3076129448E+00
