  1.2649555488E+00
  1.2649555488E+00
  1.2649555488E+00
  1.2649555488E+00
  1.2649555488E+00
  1.2649555488E+00
  1.2649555488E+00
  1.2649555488E+00
  1.2649555488E+00
  1.2649555488E+00
  1.2649555488E+00
  1.2649555488E+00
  1.2649555488E+00
  1.2649555488E+00
  1.2649555488E+00
  1.2649555488E+00
  1.2649555488E+00
  1.2649555488E+00
  1.2649555488E+00
  1.2649555488E+00
  1.2649555488E+00
  1.2649555488E+00
  1.2649555488E+00
  1.2649555488E+00
  1.2649555488E+00
  1.2649555488E+00
  1.2649555488E+00
  2.6629752364E+00
  2.6379002583E+00
  2.6578590694E+00
  2.6588111869E+00
  2.6473424884E+00
  2.6673038289E+00
  2.6598088461E+00
  2.6528071089E+00
  2.6578193158E+00
  2.6656740994E+00
  2.6475173657E+00
  2.6496566715E+00
  2.6615992147E+00
  2.6549113004E+00
  2.6635308306E+00
  2.6501526500E+00
  2.6603594720E+00
  2.6587404853E+00
  2.6695025233E+00
  2.6571255979E+00
  2.6677224911E+00
  2.6565299016E+00
  2.6581733151E+00
  2.6631842787E+00
  2.6558811439E+00
  2.6700894377E+00
  2.6498705774E+00
 -1.3076129445E+00
 -1.3076129446E+00
 -1.3076129446E+00
 -1.3076129446E+00
 -1.3076129446E+00
 -1.3076129446E+00
 -1.3076129446E+00
 -1.3076129446E+00
 -1.3076129446E+00
 -1.3076129446E+00
 -1.3076129446E+00
 -1.3076129446E+00
 -1.3076129446E+00
 -1.3076129446E+00
 -1.3076129446E+00
 -1.3076129446E+00
 -1.3076129446E+00
 -1.3076129446E+00
 -1.3076129446E+00
 -1.3076129446E+00
 -1.3076129446E+00
 -1.3076129446E+00
 -1.3076129446E+00
 -1.3076129446E+00
 -1.3076129446E+00
 -1.3076129446E+00
 -1.3076129446E+00
 -1.3076129446E+00
 -1.3076129446E+00
 -1.3076129446E+00
 -1.3076129446E+00
 -1.3076129446E+00
 -1.3076129447E+00
 -1.3076129446E+00
 -1.3076129446E+00
 -1.3076129446E+00
 -1.3076129445E+00
 -1.3076129446E+00
 -1.3076129446E+00
 -1.3076129446E+00
 -1.3076129446E+00
 -1.3076129446E+00
 -1.3076129446E+00
 -1.3076129445E+00
 -1.3076129445E+00
 -1.3076129446E+00
 -1.3076129446E+00
 -1.3076129446E+00
 -1.3076129446E+00
 -1.3076129446E+00
 -1.3076129445E+00
 -1.3076129446E+00
 -1.3076129445E+00
 -1.3076129446E+00
 -1.3076129446E+00
 -1.3076129446E+00
 -1.3076129445E+00
 -1.3076129446E+00
 -1.3076129446E+00
 -1.3076129446E+00
 -1.3076129446E+00
 -1.3076129446E+00
 -1.3076129446E+00
 -1.3076129446E+00
 -1.3076129446E+00
 -1.3076129446E+00
 -1.3076129446E+00
 -1.3076129446E+00
 -1.3076129445E+00
 -1.3076129446E+00
 -1.3076129446E+00
 -1.3076129446E+00
 -1.3076129446E+00
 -1.3076129446E+00
 -1.3076129446E+00
 -1.3076129446E+00
 -1.3076129446E+00
 -1.3076129446E+00
 -1.3076129446E+00
 -1.3076129446E+00
 -1.3076129446E+00
