  1.2649555488E+00
  1.2649555488E+00
  1.2649555488E+00
  1.2649555488E+00
  1.2649555488E+00
  1.2649555488E+00
  1.2649555488E+00
  1.2649555488E+00
  1.2649555488E+00
  1.2649555488E+00
  1.2649555488E+00
  1.2649555488E+00
  1.2649555488E+00
  1.2649555488E+00
  1.2649555488E+00
  1.2649555488E+00
  1.2649555488E+00
  1.2649555488E+00
  1.2649555488E+00
  1.2649555488E+00
  1.2649555488E+00
  1.2649555488E+00
  1.2649555488E+00
  1.2649555488E+00
  1.2649555488E+00
  1.2649555488E+00
  1.2649555488E+00
  2.6582048256E+00
  2.6540365362E+00
  2.6584325841E+00
  2.6606613590E+00
  2.6538146442E+00
  2.6476233372E+00
  2.6459368591E+00
  2.6556445073E+00
  2.6480349142E+00
  2.6602588313E+00
  2.6554889130E+00
  2.6554542098E+00
  2.6841312852E+00
  2.6659920043E+00
  2.6549632378E+00
  2.6535625426E+00
  2.6599719538E+00
  2.6368329684E+00
  2.6663381626E+00
  2.6669445727E+00
  2.6668725390E+00
  2.6619989224E+00
  2.6628926832E+00
  2.6531763059E+00
  2.6590345302E+00
  2.6563909003E+00
  2.6601545664E+00
 -1.3076129446E+00
 -1.3076129446E+00
 -1.3076129446E+00
 -1.3076129446E+00
 -1.3076129446E+00
 -1.3076129446E+00
 -1.3076129446E+00
 -1.3076129446E+00
 -1.3076129446E+00
 -1.3076129446E+00
 -1.3076129446E+00
 -1.3076129446E+00
 -1.3076129446E+00
 -1.3076129446E+00
 -1.3076129446E+00
 -1.3076129446E+00
 -1.3076129446E+00
 -1.3076129446E+00
 -1.3076129445E+00
 -1.3076129446E+00
 -1.3076129446E+00
 -1.3076129446E+00
 -1.3076129446E+00
 -1.3076129446E+00
 -1.3076129446E+00
 -1.3076129446E+00
 -1.3076129446E+00
 -1.3076129446E+00
 -1.3076129446E+00
 -1.3076129446E+00
 -1.3076129446E+00
 -1.3076129446E+00
 -1.3076129446E+00
 -1.3076129446E+00
 -1.3076129446E+00
 -1.3076129446E+00
 -1.3076129446E+00
 -1.3076129446E+00
 -1.3076129446E+00
 -1.3076129446E+00
 -1.3076129446E+00
 -1.3076129446E+00
 -1.3076129446E+00
 -1.3076129446E+00
 -1.3076129446E+00
 -1.3076129446E+00
 -1.3076129445E+00
 -1.3076129446E+00
 -1.3076129446E+00
 -1.3076129446E+00
 -1.3076129446E+00
 -1.3076129446E+00
 -1.3076129447E+00
 -1.3076129446E+00
 -1.3076129445E+00
 -1.3076129446E+00
 -1.3076129446E+00
 -1.3076129446E+00
 -1.3076129446E+00
 -1.3076129446E+00
 -1.3076129446E+00
 -1.3076129446E+00
 -1.3076129446E+00
 -1.3076129446E+00
 -1.3076129446E+00
 -1.3076129446E+00
 -1.3076129447E+00
 -1.3076129446E+00
 -1.3076129446E+00
 -1.3076129446E+00
 -1.3076129446E+00
 -1.3076129446E+00
 -1.3076129446E+00
 -1.3076129446E+00
 -1.3076129446E+00
 -1.3076129447E+00
 -1.3076129446E+00
 -1.3076129446E+00
 -1.3076129446E+00
 -1.3076129446E+00
 -1.3076129446E+00
