  1.2649555488E+00
  1.2649555488E+00
  1.2649555488E+00
  1.2649555488E+00
  1.2649555488E+00
  1.2649555488E+00
  1.2649555488E+00
  1.2649555488E+00
  1.2649555488E+00
  1.2649555488E+00
  1.2649555488E+00
  1.2649555488E+00
  1.2649555488E+00
  1.2649555488E+00
  1.2649555488E+00
  1.2649555488E+00
  1.2649555488E+00
  1.2649555488E+00
  1.2649555488E+00
  1.2649555488E+00
  1.2649555488E+00
  1.2649555488E+00
  1.2649555488E+00
  1.2649555488E+00
  1.2649555488E+00
  1.2649555488E+00
  1.2649555488E+00
  2.6424857047E+00
  2.6620859594E+00
  2.6616325285E+00
  2.6663669348E+00
  2.6684159711E+00
  2.6612678706E+00
  2.6544189632E+00
  2.6648201743E+00
  2.6898814037E+00
  2.6610647089E+00
  2.6433015774E+00
  2.6697915201E+00
  2.6650785540E+00
  2.6543211056E+00
  2.6765401536E+00
  2.6381092340E+00
  2.6751215156E+00
  2.6497932335E+00
  2.6361564240E+00
  2.6493949233E+00
  2.6558018147E+00
  2.6489498053E+00
  2.6414240735E+00
  2.6722165516E+00
  2.6407805462E+00
  2.6655594237E+00
  2.6480680320E+00
 -1.3076129447E+00
 -1.3076129448E+00
 -1.3076129448E+00
 -1.3076129447E+00
 -1.3076129448E+00
 -1.3076129447E+00
 -1.3076129448E+00
 -1.3076129448E+00
 -1.3076129447E+00
 -1.3076129447E+00
 -1.3076129447E+00
 -1.3076129447E+00
 -1.3076129448E+00
 -1.3076129447E+00
 -1.3076129447E+00
 -1.3076129448E+00
 -1.3076129447E+00
 -1.3076129447E+00
 -1.3076129447E+00
 -1.3076129448E+00
 -1.3076129448E+00
 -1.3076129447E+00
 -1.3076129449E+00
 -1.3076129447E+00
 -1.3076129448E+00
 -1.3076129447E+00
 -1.3076129448E+00
 -1.3076129447E+00
 -1.3076129447E+00
 -1.3076129447E+00
 -1.3076129447E+00
 -1.3076129447E+00
 -1.3076129447E+00
 -1.3076129447E+00
 -1.3076129447E+00
 -1.3076129448E+00
 -1.3076129447E+00
 -1.3076129447E+00
 -1.3076129447E+00
 -1.3076129447E+00
 -1.3076129447E+00
 -1.3076129447E+00
 -1.3076129448E+00
 -1.3076129447E+00
 -1.3076129447E+00
 -1.3076129447E+00
 -1.3076129447E+00
 -1.3076129448E+00
 -1.3076129447E+00
 -1.3076129448E+00
 -1.3076129447E+00
 -1.3076129448E+00
 -1.3076129447E+00
 -1.3076129447E+00
 -1.3076129447E+00
 -1.3076129447E+00
 -1.3076129448E+00
 -1.3076129447E+00
 -1.3076129447E+00
 -1.3076129447E+00
 -1.3076129448E+00
 -1.3076129448E+00
 -1.3076129447E+00
 -1.3076129447E+00
 -1.3076129448E+00
 -1.3076129447E+00
 -1.3076129447E+00
 -1.3076129447E+00
 -1.3076129447E+00
 -1.3076129448E+00
 -1.3076129447E+00
 -1.3076129447E+00
 -1.3076129447E+00
 -1.3076129447E+00
 -1.3076129446E+00
 -1.3076129447E+00
 -1.3076129447E+00
 -1.3076129447E+00
 -1.3076129447E+00
 -1.3076129447E+00
 -1.3076129448E+00
