  1.2649555488E+00
  1.2649555488E+00
  1.2649555488E+00
  1.2649555488E+00
  1.2649555488E+00
  1.2649555488E+00
  1.2649555488E+00
  1.2649555488E+00
  1.2649555488E+00
  1.2649555488E+00
  1.2649555488E+00
  1.2649555488E+00
  1.2649555488E+00
  1.2649555488E+00
  1.2649555488E+00
  1.2649555488E+00
  1.2649555488E+00
  1.2649555488E+00
  1.2649555488E+00
  1.2649555488E+00
  1.2649555488E+00
  1.2649555488E+00
  1.2649555488E+00
  1.2649555488E+00
  1.2649555488E+00
  1.2649555488E+00
  1.2649555488E+00
  2.6497512265E+00
  2.6509748148E+00
  2.6781793352E+00
  2.6795245174E+00
  2.6445954533E+00
  2.6652593900E+00
  2.6592248963E+00
  2.6633278439E+00
  2.6670741754E+00
  2.6523752171E+00
  2.6433487881E+00
  2.6553675818E+00
  2.6712439466E+00
  2.6441807356E+00
  2.6566270842E+00
  2.6629827768E+00
  2.6563749153E+00
  2.6436781455E+00
  2.6710846793E+00
  2.6569705671E+00
  2.6520764147E+00
  2.6580882476E+00
  2.6568697873E+00
  2.6459551435E+00
  2.6705925738E+00
  2.6588412084E+00
  2.6482792305E+00
 -1.3076129446E+00
 -1.3076129446E+00
 -1.3076129446E+00
 -1.3076129446E+00
 -1.3076129445E+00
 -1.3076129446E+00
 -1.3076129446E+00
 -1.3076129446E+00
 -1.3076129446E+00
 -1.3076129446E+00
 -1.3076129446E+00
 -1.3076129446E+00
 -1.3076129446E+00
 -1.3076129446E+00
 -1.3076129447E+00
 -1.3076129445E+00
 -1.3076129446E+00
 -1.3076129446E+00
 -1.3076129446E+00
 -1.3076129446E+00
 -1.3076129446E+00
 -1.3076129446E+00
 -1.3076129446E+00
 -1.3076129445E+00
 -1.3076129446E+00
 -1.3076129447E+00
 -1.3076129445E+00
 -1.3076129446E+00
 -1.3076129446E+00
 -1.3076129446E+00
 -1.3076129446E+00
 -1.3076129445E+00
 -1.3076129446E+00
 -1.3076129446E+00
 -1.3076129446E+00
 -1.3076129447E+00
 -1.3076129446E+00
 -1.3076129447E+00
 -1.3076129446E+00
 -1.3076129446E+00
 -1.3076129446E+00
 -1.3076129446E+00
 -1.3076129445E+00
 -1.3076129446E+00
 -1.3076129446E+00
 -1.3076129445E+00
 -1.3076129446E+00
 -1.3076129445E+00
 -1.3076129446E+00
 -1.3076129446E+00
 -1.3076129446E+00
 -1.3076129446E+00
 -1.3076129446E+00
 -1.3076129446E+00
 -1.3076129446E+00
 -1.3076129446E+00
 -1.3076129447E+00
 -1.3076129445E+00
 -1.3076129446E+00
 -1.3076129446E+00
 -1.3076129446E+00
 -1.3076129446E+00
 -1.3076129447E+00
 -1.3076129447E+00
 -1.3076129446E+00
 -1.3076129446E+00
 -1.3076129446E+00
 -1.3076129446E+00
 -1.3076129446E+00
 -1.3076129446E+00
 -1.3076129446E+00
 -1.3076129446E+00
 -1.3076129445E+00
 -1.3076129446E+00
 -1.3076129446E+00
 -1.3076129446E+00
 -1.3076129446E+00
 -1.3076129446E+00
 -1.3076129446E+00
 -1.3076129446E+00
 -1.3076129446E+00
