  1.2649555488E+00
  1.2649555488E+00
  1.2649555488E+00
  1.2649555488E+00
  1.2649555488E+00
  1.2649555488E+00
  1.2649555488E+00
  1.2649555488E+00
  1.2649555488E+00
  1.2649555488E+00
  1.2649555488E+00
  1.2649555488E+00
  1.2649555488E+00
  1.2649555488E+00
  1.2649555488E+00
  1.2649555488E+00
  1.2649555488E+00
  1.2649555488E+00
  1.2649555488E+00
  1.2649555488E+00
  1.2649555488E+00
  1.2649555488E+00
  1.2649555488E+00
  1.2649555488E+00
  1.2649555488E+00
  1.2649555488E+00
  1.2649555488E+00
  2.6665676478E+00
  2.6522442760E+00
  2.6410497383E+00
  2.6640754320E+00
  2.6413499784E+00
  2.6490688359E+00
  2.6521428915E+00
  2.6445472012E+00
  2.6511279076E+00
  2.6757789141E+00
  2.6605772870E+00
  2.6794873940E+00
  2.6621025982E+00
  2.6451308861E+00
  2.6438857512E+00
  2.6682286551E+00
  2.6679829030E+00
  2.6564946636E+00
  2.6793026344E+00
  2.6614539386E+00
  2.6614474734E+00
  2.6546723454E+00
  2.6689849285E+00
  2.6416439903E+00
  2.6648752550E+00
  2.6455160935E+00
  2.6631090863E+00
 -1.3076129447E+00
 -1.3076129447E+00
 -1.3076129448E+00
 -1.3076129448E+00
 -1.3076129447E+00
 -1.3076129447E+00
 -1.3076129447E+00
 -1.3076129447E+00
 -1.3076129447E+00
 -1.3076129447E+00
 -1.3076129448E+00
 -1.3076129447E+00
 -1.3076129449E+00
 -1.3076129446E+00
 -1.3076129447E+00
 -1.3076129447E+00
 -1.3076129447E+00
 -1.3076129447E+00
 -1.3076129446E+00
 -1.3076129448E+00
 -1.3076129447E+00
 -1.3076129448E+00
 -1.3076129448E+00
 -1.3076129449E+00
 -1.3076129447E+00
 -1.3076129447E+00
 -1.3076129447E+00
 -1.3076129447E+00
 -1.3076129447E+00
 -1.3076129446E+00
 -1.3076129448E+00
 -1.3076129448E+00
 -1.3076129447E+00
 -1.3076129447E+00
 -1.3076129447E+00
 -1.3076129447E+00
 -1.3076129448E+00
 -1.3076129448E+00
 -1.3076129448E+00
 -1.3076129447E+00
 -1.3076129447E+00
 -1.3076129447E+00
 -1.3076129447E+00
 -1.3076129447E+00
 -1.3076129448E+00
 -1.3076129447E+00
 -1.3076129447E+00
 -1.3076129447E+00
 -1.3076129447E+00
 -1.3076129447E+00
 -1.3076129448E+00
 -1.3076129447E+00
 -1.3076129448E+00
 -1.3076129447E+00
 -1.3076129448E+00
 -1.3076129448E+00
 -1.3076129447E+00
 -1.3076129448E+00
 -1.3076129447E+00
 -1.3076129449E+00
 -1.3076129447E+00
 -1.3076129447E+00
 -1.3076129447E+00
 -1.3076129448E+00
 -1.3076129447E+00
 -1.3076129446E+00
 -1.3076129447E+00
 -1.3076129447E+00
 -1.3076129448E+00
 -1.3076129446E+00
 -1.3076129447E+00
 -1.3076129447E+00
 -1.3076129447E+00
 -1.3076129447E+00
 -1.3076129447E+00
 -1.3076129447E+00
 -1.3076129446E+00
 -1.3076129446E+00
 -1.3076129447E+00
 -1.3076129447E+00
 -1.3076129447E+00
