  1.2649555488E+00
  1.2649555488E+00
  1.2649555488E+00
  1.2649555488E+00
  1.2649555488E+00
  1.2649555488E+00
  1.2649555488E+00
  1.2649555488E+00
  1.2649555488E+00
  1.2649555488E+00
  1.2649555488E+00
  1.2649555488E+00
  1.2649555488E+00
  1.2649555488E+00
  1.2649555488E+00
  1.2649555488E+00
  1.2649555488E+00
  1.2649555488E+00
  1.2649555488E+00
  1.2649555488E+00
  1.2649555488E+00
  1.2649555488E+00
  1.2649555488E+00
  1.2649555488E+00
  1.2649555488E+00
  1.2649555488E+00
  1.2649555488E+00
  2.6348935970E+00
  2.6731115144E+00
  2.6612165671E+00
  2.6922887346E+00
  2.6024985473E+00
  2.6218124798E+00
  2.6585585933E+00
  2.6542557700E+00
  2.6640961798E+00
  2.6771756552E+00
  2.6965347784E+00
  2.6698284859E+00
  2.6821663106E+00
  2.6713184263E+00
  2.6478058602E+00
  2.5990909177E+00
  2.6637287467E+00
  2.6746480464E+00
  2.6039077499E+00
  2.6502670359E+00
  2.6492335860E+00
  2.6710998944E+00
  2.6628768565E+00
  2.6607194547E+00
  2.6678615842E+00
  2.6879499409E+00
  2.6639033967E+00
 -1.3076129447E+00
 -1.3076129448E+00
 -1.3076129447E+00
 -1.3076129449E+00
 -1.3076129447E+00
 -1.3076129449E+00
 -1.3076129447E+00
 -1.3076129448E+00
 -1.3076129447E+00
 -1.3076129447E+00
 -1.3076129447E+00
 -1.3076129447E+00
 -1.3076129446E+00
 -1.3076129448E+00
 -1.3076129447E+00
 -1.3076129447E+00
 -1.3076129448E+00
 -1.3076129448E+00
 -1.3076129448E+00
 -1.3076129448E+00
 -1.3076129447E+00
 -1.3076129447E+00
 -1.3076129447E+00
 -1.3076129447E+00
 -1.3076129448E+00
 -1.3076129447E+00
 -1.3076129447E+00
 -1.3076129448E+00
 -1.3076129449E+00
 -1.3076129447E+00
 -1.3076129448E+00
 -1.3076129449E+00
 -1.3076129448E+00
 -1.3076129446E+00
 -1.3076129446E+00
 -1.3076129448E+00
 -1.3076129448E+00
 -1.3076129447E+00
 -1.3076129448E+00
 -1.3076129446E+00
 -1.3076129447E+00
 -1.3076129448E+00
 -1.3076129446E+00
 -1.3076129448E+00
 -1.3076129447E+00
 -1.3076129448E+00
 -1.3076129448E+00
 -1.3076129447E+00
 -1.3076129448E+00
 -1.3076129447E+00
 -1.3076129448E+00
 -1.3076129445E+00
 -1.3076129448E+00
 -1.3076129447E+00
 -1.3076129448E+00
 -1.3076129449E+00
 -1.3076129449E+00
 -1.3076129448E+00
 -1.3076129449E+00
 -1.3076129447E+00
 -1.3076129446E+00
 -1.3076129448E+00
 -1.3076129447E+00
 -1.3076129447E+00
 -1.3076129449E+00
 -1.3076129447E+00
 -1.3076129448E+00
 -1.3076129447E+00
 -1.3076129450E+00
 -1.3076129448E+00
 -1.3076129447E+00
 -1.3076129447E+00
 -1.3076129450E+00
 -1.3076129446E+00
 -1.3076129447E+00
 -1.3076129447E+00
 -1.3076129448E+00
 -1.3076129447E+00
 -1.3076129449E+00
 -1.3076129447E+00
 -1.3076129449E+00
