  1.2649555488E+00
  1.2649555488E+00
  1.2649555488E+00
  1.2649555488E+00
  1.2649555488E+00
  1.2649555488E+00
  1.2649555488E+00
  1.2649555488E+00
  1.2649555488E+00
  1.2649555488E+00
  1.2649555488E+00
  1.2649555488E+00
  1.2649555488E+00
  1.2649555488E+00
  1.2649555488E+00
  1.2649555488E+00
  1.2649555488E+00
  1.2649555488E+00
  1.2649555488E+00
  1.2649555488E+00
  1.2649555488E+00
  1.2649555488E+00
  1.2649555488E+00
  1.2649555488E+00
  1.2649555488E+00
  1.2649555488E+00
  1.2649555488E+00
  2.6676874752E+00
  2.6687342043E+00
  2.6721312291E+00
  2.6412196142E+00
  2.6964240180E+00
  2.6434150396E+00
  2.6223107752E+00
  2.7111200322E+00
  2.5960002441E+00
  2.6454153010E+00
  2.6472726143E+00
  2.6276303970E+00
  2.6459946191E+00
  2.6536920500E+00
  2.6798283711E+00
  2.6228659244E+00
  2.6732795967E+00
  2.6489262760E+00
  2.6531971342E+00
  2.6325082105E+00
  2.6758885184E+00
  2.6946385785E+00
  2.7225520158E+00
  2.6667482704E+00
  2.6832306777E+00
  2.6278718546E+00
  2.6422656670E+00
 -1.3076129447E+00
 -1.3076129449E+00
 -1.3076129448E+00
 -1.3076129447E+00
 -1.3076129447E+00
 -1.3076129447E+00
 -1.3076129447E+00
 -1.3076129447E+00
 -1.3076129447E+00
 -1.3076129447E+00
 -1.3076129448E+00
 -1.3076129448E+00
 -1.3076129446E+00
 -1.3076129447E+00
 -1.3076129447E+00
 -1.3076129447E+00
 -1.3076129446E+00
 -1.3076129448E+00
 -1.3076129445E+00
 -1.3076129448E+00
 -1.3076129448E+00
 -1.3076129447E+00
 -1.3076129446E+00
 -1.3076129447E+00
 -1.3076129449E+00
 -1.3076129447E+00
 -1.3076129449E+00
 -1.3076129447E+00
 -1.3076129447E+00
 -1.3076129447E+00
 -1.3076129448E+00
 -1.3076129446E+00
 -1.3076129447E+00
 -1.3076129448E+00
 -1.3076129447E+00
 -1.3076129449E+00
 -1.3076129447E+00
 -1.3076129448E+00
 -1.3076129447E+00
 -1.3076129446E+00
 -1.3076129447E+00
 -1.3076129447E+00
 -1.3076129449E+00
 -1.3076129447E+00
 -1.3076129447E+00
 -1.3076129447E+00
 -1.3076129448E+00
 -1.3076129448E+00
 -1.3076129447E+00
 -1.3076129446E+00
 -1.3076129448E+00
 -1.3076129446E+00
 -1.3076129447E+00
 -1.3076129446E+00
 -1.3076129448E+00
 -1.3076129447E+00
 -1.3076129448E+00
 -1.3076129447E+00
 -1.3076129446E+00
 -1.3076129449E+00
 -1.3076129449E+00
 -1.3076129448E+00
 -1.3076129449E+00
 -1.3076129447E+00
 -1.3076129448E+00
 -1.3076129449E+00
 -1.3076129449E+00
 -1.3076129448E+00
 -1.3076129447E+00
 -1.3076129447E+00
 -1.3076129447E+00
 -1.3076129449E+00
 -1.3076129447E+00
 -1.3076129447E+00
 -1.3076129449E+00
 -1.3076129446E+00
 -1.3076129448E+00
 -1.3076129448E+00
 -1.3076129448E+00
 -1.3076129448E+00
 -1.3076129445E+00
