151
0.0	0.0	0.0
0.0	0.0166666666667	0.0
0.0	0.0333333333333	0.0
0.0	0.05	0.0
0.0	0.0666666666667	0.0
0.0	0.0833333333333	0.0
0.0	0.1	0.0
0.0	0.116666666667	0.0
0.0	0.133333333333	0.0
0.0	0.15	0.0
0.0	0.166666666667	0.0
0.0	0.183333333333	0.0
0.0	0.2	0.0
0.0	0.216666666667	0.0
0.0	0.233333333333	0.0
0.0	0.25	0.0
0.0	0.266666666667	0.0
0.0	0.283333333333	0.0
0.0	0.3	0.0
0.0	0.316666666667	0.0
0.0	0.333333333333	0.0
0.0	0.35	0.0
0.0	0.366666666667	0.0
0.0	0.383333333333	0.0
0.0	0.4	0.0
0.0	0.416666666667	0.0
0.0	0.433333333333	0.0
0.0	0.45	0.0
0.0	0.466666666667	0.0
0.0	0.483333333333	0.0
0.0	0.5	0.0
0.0166666666667	0.5	0.0
0.0333333333333	0.5	0.0
0.05	0.5	0.0
0.0666666666667	0.5	0.0
0.0833333333333	0.5	0.0
0.1	0.5	0.0
0.116666666667	0.5	0.0
0.133333333333	0.5	0.0
0.15	0.5	0.0
0.166666666667	0.5	0.0
0.183333333333	0.5	0.0
0.2	0.5	0.0
0.216666666667	0.5	0.0
0.233333333333	0.5	0.0
0.25	0.5	0.0
0.266666666667	0.5	0.0
0.283333333333	0.5	0.0
0.3	0.5	0.0
0.316666666667	0.5	0.0
0.333333333333	0.5	0.0
0.35	0.5	0.0
0.366666666667	0.5	0.0
0.383333333333	0.5	0.0
0.4	0.5	0.0
0.416666666667	0.5	0.0
0.433333333333	0.5	0.0
0.45	0.5	0.0
0.466666666667	0.5	0.0
0.483333333333	0.5	0.0
0.5	0.5	0.0
0.483333333333	0.483333333333	0.0
0.466666666667	0.466666666667	0.0
0.45	0.45	0.0
0.433333333333	0.433333333333	0.0
0.416666666667	0.416666666667	0.0
0.4	0.4	0.0
0.383333333333	0.383333333333	0.0
0.366666666667	0.366666666667	0.0
0.35	0.35	0.0
0.333333333333	0.333333333333	0.0
0.316666666667	0.316666666667	0.0
0.3	0.3	0.0
0.283333333333	0.283333333333	0.0
0.266666666667	0.266666666667	0.0
0.25	0.25	0.0
0.233333333333	0.233333333333	0.0
0.216666666667	0.216666666667	0.0
0.2	0.2	0.0
0.183333333333	0.183333333333	0.0
0.166666666667	0.166666666667	0.0
0.15	0.15	0.0
0.133333333333	0.133333333333	0.0
0.116666666667	0.116666666667	0.0
0.1	0.1	0.0
0.0833333333333	0.0833333333333	0.0
0.0666666666667	0.0666666666667	0.0
0.05	0.05	0.0
0.0333333333333	0.0333333333333	0.0
0.0166666666667	0.0166666666667	0.0
0.0	0.0	0.0
0.0166666666667	0.0166666666667	0.0166666666667
0.0333333333333	0.0333333333333	0.0333333333333
0.05	0.05	0.05
0.0666666666667	0.0666666666667	0.0666666666667
0.0833333333333	0.0833333333333	0.0833333333333
0.1	0.1	0.1
0.116666666667	0.116666666667	0.116666666667
0.133333333333	0.133333333333	0.133333333333
0.15	0.15	0.15
0.166666666667	0.166666666667	0.166666666667
0.183333333333	0.183333333333	0.183333333333
0.2	0.2	0.2
0.216666666667	0.216666666667	0.216666666667
0.233333333333	0.233333333333	0.233333333333
0.25	0.25	0.25
0.266666666667	0.266666666667	0.266666666667
0.283333333333	0.283333333333	0.283333333333
0.3	0.3	0.3
0.316666666667	0.316666666667	0.316666666667
0.333333333333	0.333333333333	0.333333333333
0.35	0.35	0.35
0.366666666667	0.366666666667	0.366666666667
0.383333333333	0.383333333333	0.383333333333
0.4	0.4	0.4
0.416666666667	0.416666666667	0.416666666667
0.433333333333	0.433333333333	0.433333333333
0.45	0.45	0.45
0.466666666667	0.466666666667	0.466666666667
0.483333333333	0.483333333333	0.483333333333
0.5	0.5	0.5
0.5	0.5	0.483333333333
0.5	0.5	0.466666666667
0.5	0.5	0.45
0.5	0.5	0.433333333333
0.5	0.5	0.416666666667
0.5	0.5	0.4
0.5	0.5	0.383333333333
0.5	0.5	0.366666666667
0.5	0.5	0.35
0.5	0.5	0.333333333333
0.5	0.5	0.316666666667
0.5	0.5	0.3
0.5	0.5	0.283333333333
0.5	0.5	0.266666666667
0.5	0.5	0.25
0.5	0.5	0.233333333333
0.5	0.5	0.216666666667
0.5	0.5	0.2
0.5	0.5	0.183333333333
0.5	0.5	0.166666666667
0.5	0.5	0.15
0.5	0.5	0.133333333333
0.5	0.5	0.116666666667
0.5	0.5	0.1
0.5	0.5	0.0833333333333
0.5	0.5	0.0666666666667
0.5	0.5	0.05
0.5	0.5	0.0333333333333
0.5	0.5	0.0166666666667
0.5	0.5	0.0
